7.7782444101732615
7.814655393068726
7.819849301420326
7.834567866650304
7.857659753128532
7.86028975435146
7.888506935479475
7.904721594714018
7.9119751852234135
7.916772817015628
7.9271520966701745
7.962795150598655
7.96568338570918
7.978702287818823
8.000639335775578
8.02738667551577
8.041607401299627
8.04650265724347
8.04891949849392
8.05731809122795
8.092415947998601
8.103101629315734
8.123283762991326
8.14863798690836
8.160914577038161
8.163482765006721
8.16912616538566
8.202984380042807
8.211255716625084
8.229633245539032
8.25356473969647
8.263839651417218
8.26650819067285
8.298987889091453
8.304645295049896
8.321051925225373
8.343415779982374
8.351515003189235
8.382352464924184
8.385068201839283
8.399211175218493
8.419737126205618
8.42535979640659
8.455029435796156
8.466480060840368
8.484762663303359
8.487470740649272
8.51560459650499
8.5246737172537
8.541047517819068
8.567135150416622
8.573268345313007
8.587204556261904
8.611479863687531
8.61486459604197
8.62657716665824
8.649287129335022
8.658107996018778
8.678619541109235
8.68462568281161
8.703052676943079
8.706325833583184
8.722788667933026
8.736509662896935
8.747459432534995
8.755607356288936
8.760921471087148
8.763368357100939
8.770414855859526
8.781728115936291
8.796991097873484
8.815901811073907
8.838172589906335
8.8635294070563
8.86774444502351
8.896894962833027
8.905860907240692
8.938414705941472
8.95169136186873
8.987273757841889
9.004439247250232
9.042690694565835
9.063340737587769
9.103916277019149
9.10887939616794
9.133605259404808
9.177160953975566
9.186784431743488
9.215081090993147
9.261163677258818
9.274907279091844
9.306286081888809
9.354456274795558
9.359004290997381
9.377323645553714
9.41229880437023
9.46312704868
9.472414407307932
9.494683653705028
9.532673982574567
9.58562178224071
9.599001771418669
9.624609597523323
9.629532668881804
9.670952217972195
9.72648460114484
9.74432965396959
9.773692107436124
9.783303879627915
9.827486036884872
9.8849730296378
9.906553631098992
9.938971283774663
9.944095575844417
9.958630247462162
10.005911064038518
10.065734562125066
10.09134889546077
10.127159165199282
10.136940323528343
10.155559780730808
10.205185385893772
10.266622736604054
10.271781987853533
10.301602125000997
10.341013892121827
10.355602263310491
10.378490055803907
10.430735512655788
10.494102747968375
10.503905216393617
10.537033773505982
10.579171458812466
10.584208282258206
10.603644344600344
10.630871724770781
10.685894489406916
10.751387288048733
10.765896650116572
10.802467643240483
10.84749791811622
10.857181756703918
10.880443037622332
10.885209962094015
10.916750464155738
10.974604986482769
11.042313153670854
11.061492879137115
11.101535691428596
11.149518077756374
11.163823330728865
11.19092786644459
11.200362215131408
11.235129661860281
11.240463825620449
11.301113591159833
11.371033098931937
11.394758052283537
11.438209090331464
11.489107565179856
11.507916297202536
11.538786578141954
11.552771113152142
11.590721730436906
11.600609082355426
11.606380573843007
11.6697068338419
11.741748609968376
11.769813486082404
11.816524734897708
11.870216307159739
11.893326550011318
11.927797860810175
11.946128982969162
11.987127831037576
11.99223102873874
12.007449903602053
12.018669909605814
12.084476794582146
12.158471916723602
12.1905961270269
12.240340180052623
12.296619974450396
12.323750586239518
12.36157594079545
12.383968494784382
12.38926544558335
12.43407428100144
12.444694154028017
12.46483446219983
12.481085019378359
12.5491009154933
12.624802067959584
12.660630910762185
12.713102285467496
12.7716849205399
12.80247676380284
12.807857325973604
12.849691461529922
12.876777149163814
12.8875333512363
12.935735800839506
12.951367308470608
12.975950413120742
12.996744046180893
13.066619148943063
13.143698247218863
13.182800256769768
13.188160731943759
13.243954326586456
13.305467235257632
13.340491124210983
13.351285137944197
13.396619491638385
13.427850863232349
13.443475860574848
13.494580019831337
13.514645597549558
13.543117589947203
13.548360802241882
13.574111446554548
13.64640410066498
13.725453773430528
13.768337036388619
13.779076260529585
13.837635954757618
13.901536585668365
13.94017881262898
13.95570739467747
14.003952604044745
14.038701849357833
14.044710036805492
14.065521793046358
14.119953057166697
14.144810569326928
14.1775656639188
14.188163485975322
14.218152009751972
14.292262650144252
14.372698225462708
14.418680033109661
14.434027875196511
14.439737810073632
14.501398583541528
14.568048717610356
14.610617432619804
14.631140833959954
14.682656255414912
14.721260301729425
14.732468692266208
14.75764737334543
14.814670031208532
14.843501606863974
14.848834241936206
14.886045615931767
14.902124298410204
14.93653945895137
15.012784524998022
15.09495074694112
15.144296920487339
15.164450411495013
15.175356020454036
15.239321592689167
15.307932253261471
15.353569283589575
15.359417721940789
15.384995485214441
15.439932302334052
15.482518532707642
15.498992683255045
15.528650965555892
15.588471933615526
15.621420823444229
15.631953702115382
15.672677888696338
15.693231039365795
15.698553054250553
15.737400915774096
15.815905215928547
15.899951231645138
15.952733395530645
15.977696269839319
15.993785968129773
16.060193485384026
16.130923221614964
16.179735915132802
16.190655863514518
16.22022358982735
16.22591799482953
16.284256588340153
16.3307802061667
16.352414012273883
16.386487977092518
16.449130283750463
16.486156451049684
16.50179827547246
16.546031231491355
16.571009602881666
16.581424794693067
16.62359443018387
16.629597072301497
16.710323928821314
16.79623361153233
16.852359408109372
16.881972215858713
16.903069392621184
16.97188092073733
17.04470950485006
17.096626358908104
17.112453066511666
17.14590161427512
17.151184286997548
17.16282491454237
17.224397305490996
17.274663840237828
17.301201996553093
17.339473804258937
17.404799581453332
17.44570260166541
17.466201589111684
17.513771749364675
17.542958144498233
17.558216089884183
17.563685001117587
17.609983428845606
17.62184323239573
17.704609642366222
17.792216908278856
17.851445207116278
17.885400430660233
17.911178594151735
17.98219669238272
18.056940792956603
18.111727034313592
18.132134393455523
18.13773441352216
18.175757507734193
18.186943330183798
18.204088100290456
18.268585501869506
18.32225834680717
18.35330377460085
18.395409234578484
18.46312753561046
18.507554280229083
18.532505735467332
18.583081812363336
18.588760429581892
18.622747365886333
18.64342292721863
18.6547181382864
18.704719186234122
18.721919885801036
18.806396739013287
18.895385800706247
18.957326741908464
18.99516864810899
19.025151207803056
19.098019026121214
19.10372629970281
19.181008953395185
19.23925268655119
19.26475610706074
19.276110744327475
19.318184038202123
19.334677191440647
19.35674512816462
19.423710348224585
19.480303007961094
19.515308860060017
19.56072943697572
19.566417946173257
19.63704482490316
19.685466212723846
19.715306143896264
19.76940809773698
19.780774644222884
19.818949804022697
19.844393382425856
19.860838351573214
19.913965072188635
19.935841135744496
20.02153767145699
20.0271624614222
20.118017966568495
20.183099733255798
20.22520797510396
20.259768961431075
20.3349886153425
20.346321955020343
20.42556662376623
20.48663753418207
20.516516845718417
20.532864977241537
20.578304446780937
20.583822971560256
20.60583127313349
20.633058127513245
20.70285849475751
20.76272459104807
20.802001431671926
20.851089005409793
20.862346375170862
20.935208955202423
20.986888560179256
21.02082648819188
21.07772249381619
21.093927451693688
21.100258838450564
21.14281438559533
21.173196602297843
21.19495038313618
21.251470624038227
21.278220072452612
21.36551481912551
21.37665575762937
21.468678709185916
21.536127909123174
21.581662009820505
21.61993439995368
21.62607715147389
21.70385403168953
21.720861204129825
21.80230500531579
21.866403159444207
21.90078725715005
21.92223321755351
21.971230936145925
21.982217229962995
22.008780752626844
22.04021229214998
22.111997494244953
22.117915285059688
22.181137430880092
22.224722731867146
22.2775497580174
22.294358181260606
22.36961018887863
22.424655530226353
22.462761945673062
22.52259269113866
22.543679568632914
22.555297634235366
22.601238168524187
22.6068968637551
22.642142404827776
22.669114573403867
22.729037107443826
22.760598185060886
22.84959664175775
22.866166857042906
22.959491373092614
23.029385706981916
23.07837405359613
23.12037558904586
23.131764220447565
23.211113947571178
23.21743715680802
23.239935650168405
23.32357190383247
23.39065133059657
23.42942249733294
23.455821063977275
23.508310949078496
23.52460562778732
23.555612801236823
23.591157179563925
23.66494856917923
23.67607537450972
23.682070847084358
23.74851085797484
23.79621959654632
23.852630286748102
23.874744180055373
23.952298898239558
24.01057522779001
24.052676027460382
24.11532987664578
24.14109045447929
24.157767512514162
24.206961196750306
24.212600440171734
24.224394022594915
24.264219636624706
24.29610866577392
24.35922223248513
24.395312657794506
24.485887367722913
24.507572535592153
24.602090069799537
24.674263185498546
24.72648832244268
24.771987133324156
24.78831324617774
24.79452090928979
24.876286604319542
24.888601061782172
24.91620457403725
25.00181005411815
25.07160618505249
25.114427626458962
25.145411756609793
25.201097779742287
25.222311959202695
25.257415053428677
25.296738959907458
25.30253095319657
25.37905866334221
25.395979835306854
25.407949648358716
25.47726375033502
25.52870367143252
25.588329504673858
25.615290949205935
25.694837235949603
25.75598358233285
25.801676154507835
25.866805533373157
25.896796124796275
25.90310065533929
25.92533910162998
25.978392648043357
25.989992361676986
26.007360143899177
26.05127834297829
26.08757529328018
26.153452560886198
26.193573330285
26.285368115469932
26.31163022018052
26.406993876345176
26.412828729322165
26.48783408319429
26.543814084119738
26.593327894111905
26.6150500313656
26.62708058287348
26.710810736856107
26.728480197448313
26.760590732028913
26.84771807711305
26.919739930225624
26.9660476462021
27.001020142197707
27.007315097364316
27.0666305421552
27.093122509407827
27.132732302956693
27.176273788127112
27.18788041780151
27.266604961875366
27.288620778684383
27.30584876840838
27.37746825561906
27.432020132392818
27.494259904780638
27.500036354295293
27.53211196924673
27.61406893364893
27.678470299833094
27.728113500673487
27.796143142237863
27.830710943439048
27.842695506926482
27.869734301953002
27.925962924149477
27.942724336742025
27.964877774527512
28.0121648758909
28.018352304337913
28.05927272563851
28.128219800333486
28.172622141719767
28.26603730517874
28.2971174753287
28.39376369747946
28.405275638556667
28.482416120089482
28.541397542364123
28.594149549498248
28.620411352748455
28.626036372605817
28.643954770828955
28.72991416722574
28.75304088240568
28.78981017601171
28.878767557224528
28.953295376959094
29.003313939278076
29.04248171108944
29.054321961790354
29.116446273070057
29.14730130741496
29.19052971328104
29.196519763855544
29.244352651624983
29.261773457456837
29.342880907561355
29.37003826593145
29.39256893997689
29.466691818855182
29.52451925934993
29.58956747994947
29.60089128920378
29.63711349544938
29.72063559624016
29.787390892312704
29.793727060491566
29.847336955447098
29.918339676639224
29.95747794530774
29.975085000823167
30.006914984304505
30.06639523530942
30.088300070905227
30.115244244371212
30.16598077055229
30.177586416264297
30.222100628542325
30.2278111592218
30.299814555615548
30.34842725753991
30.443527546153465
30.47933357891194
30.577349909329197
30.594409759743574
30.673736327554035
30.735729888074186
30.791722076271892
30.822463593841544
30.83351361913711
30.856154212558177
30.862169059397313
30.95031727795049
30.9787009764067
31.01997024926876
31.110741906452645
31.18772773574723
31.241350558539207
31.28458442891727
31.301774941235497
31.366651564338177
31.401737071563012
31.44849040058993
31.45977881021202
31.46608055835145
31.517992880172816
31.54093999638892
31.62431428936086
31.656359430529697
31.68393120563616
31.760436086010838
31.821379315043874
31.88909978245468
31.90569801613641
31.945864121311015
32.03087793541643
32.036499493975064
32.10644610501838
32.11892197264627
32.17623391802507
32.24999367304295
32.29340538830385
32.31628418452189
32.352595016828005
32.415092356504466
32.44181028099084
32.47323125954986
32.527169087262706
32.543845100834815
32.54971565962219
32.59851999768513
32.61038805549474
32.685160157636915
32.73763550459594
32.8341970239987
32.874350503677064
32.973523785304394
32.9957069233959
33.07696042611528
33.1416630028777
33.20057813190481
33.23541738185707
33.24152094017338
33.25852212863491
33.28646138208034
33.29853180189561
33.38855312869264
33.42172092119608
33.467051302692376
33.55932875353154
33.638427960330155
33.69524906878539
33.742115872709135
33.76415510610865
33.83140816060644
33.837729080704335
33.87755285105389
33.92838790381751
33.94545673123262
33.95771225243912
34.01322039252288
34.04113269024962
34.12637041521134
34.162763538746276
34.194823517766466
34.27328493736184
34.33687619283491
34.4068176201561
34.41334062195519
34.435591377527956
34.48015830721947
34.56725584930903
34.57885460784762
34.65148457319117
34.669438264219586
34.72990566313014
34.80591639426367
34.85301285656114
34.88051784725998
34.92069648286698
34.92645620140599
34.992374052516794
35.02422940588008
35.06047921899833
35.11804518654099
35.140136145177735
35.15188418037811
35.204340085694156
35.22162580272086
35.298588114762175
35.35428471388147
35.45177780944833
35.495596304422456
35.501525781232644
35.60227775850038
35.62981692854467
35.713399382872836
35.781183481696495
35.843393092921254
35.88265274751619
35.89453414126256
35.916687424372455
35.94914948110949
35.96645220545338
36.057722775003164
36.094895370787256
36.10098061525796
36.15057475045537
36.244696329776716
36.326224911596356
36.386514217810955
36.437270413229086
36.464362432861094
36.53432811328824
36.54632728799068
36.59007166008931
36.644192684181775
36.66615014813023
36.68344772140823
36.68967507465645
36.74893190224256
36.78190032324997
36.869254147500065
36.91013042875406
36.94681360915081
37.027500079488746
37.09398032697301
37.16641215896951
37.178513872525464
37.205472778712384
37.253546293635345
37.341936526327686
37.34829265605584
37.36583027888627
37.44127512319614
37.464703683530594
37.52844502175675
37.60687583674512
37.65775994000577
37.68995249800856
37.73410385692286
37.745474544575536
37.813911195875214
37.84990262565458
37.88998133290958
37.896453228292266
37.95765527105121
37.98508357730655
38.002612228039546
38.058738053974594
38.081375453332946
38.160627400612555
38.21959721008903
38.31819246374472
38.365714078555335
38.37715679289867
38.478594960274535
38.51039342477429
38.516968391375705
38.60288250967153
38.67371567437495
38.73917915822905
38.78276484085097
38.80026438517926
38.82744396240338
38.86433711740085
38.88674763042269
38.97934477711193
39.02046446214119
39.0319651851332
39.03768380747272
39.09137741447381
39.18730093474303
39.27118856859306
39.334824948773665
39.3893295056681
39.421276277999816
39.493874737419375
39.51132522885832
39.55885234943205
39.61615443598889
39.64281671762015
39.66496608640908
39.67076217315187
39.68325537690733
39.746055415186945
39.78380892004234
39.87315460673022
39.91827124902546
39.95932761621347
40.04210880513908
40.11131428035321
40.18609243647168
40.20347410901875
40.234885672358665
40.28627007596755
40.29213206177772
40.382678804739406
40.395221990294715
40.418315052949076
40.496346029824565
40.52488616259123
40.59164660833463
40.672283755529314
40.72667172567462
40.76322140328589
40.811049069190425
40.827650652187366
40.898378858007554
40.90429546928781
40.945062897188784
40.98964209923014
41.00222230834358
41.066722230471264
41.09906174718928
41.121919783064136
41.18136685106177
41.20892012918975
41.29017591861972
41.35208081880081
41.45154545878628
41.50240411095606
41.508364360986185
41.52581078109874
41.62868177555448
41.66532256386864
41.67792713516865
41.765828577494496
41.839326338040266
41.90764464918463
41.95509929566339
41.97769083197085
42.00939557082481
42.05024380511987
42.07724752632312
42.083240710438254
42.17778481787031
42.22335427708328
42.24071328040433
42.25250544053644
42.30979855937046
42.40713336613715
42.492955874161254
42.55945998332196
42.61720762676037
42.65344259082723
42.728212298222886
42.750505476121965
42.75652116693159
42.808250411751544
42.86919487366081
42.90095913827638
42.92836234769532
42.940154722178505
42.95823268797519
43.02402399976003
43.065941456677116
43.156790312337264
43.20553885113661
43.2503458281758
43.33470548448937
43.34073352713815
43.41305953790437
43.4906086663192
43.513558824638345
43.549763663593694
43.604867556596005
43.61664855595992
43.708802001189326
43.7267724923337
43.75468426639143
43.83470440795122
43.86762402079791
43.93676710301359
43.94279761048481
44.02598668708275
44.08416819968261
44.12533110783746
44.177134474119896
44.19919800293901
44.27260531279578
44.2843636210058
44.329150717487344
44.37747798646037
44.39532364880734
44.46240889955725
44.49885602514926
44.50487937361178
44.533181902225245
44.59617326068135
44.62879338833073
44.71235736800236
44.77746304209741
44.878174057088586
44.93263149629937
44.94435606612118
44.966911585351546
45.07053798816753
45.11116165794029
45.128865283641595
45.13487210784109
45.22497009290935
45.30131393615447
45.37266527977901
45.42412271715136
45.45188534906878
45.488229222534045
45.533181641349344
45.56490249833393
45.57658254673586
45.67230362485367
45.721414865265956
45.743640650605755
45.74962183930093
45.76742082173389
45.82837518845888
45.927297255102864
46.01520933356673
46.08469420409071
46.145784254357224
46.186359608175025
46.26346381919953
46.29063465539227
46.30225965898637
46.35722874552354
46.42086689573101
46.426813587175474
46.46359146232763
46.496155937046154
46.513818345062305
46.53737889214348
46.60619252213259
46.65224994691661
46.74471468565364
46.79710511200824
46.8456705218113
46.931728897268066
46.94328858779085
47.01774609800869
47.023649675479234
47.10392912592051
47.13226929578182
47.17312977957396
47.23187133466679
47.24938168942345
47.343169970794186
47.366407078730354
47.39900954349606
47.48103457550927
47.51823217810304
47.58975857861129
47.60124293844491
47.6070950258164
47.69273892645629
47.75455553155978
47.80013298105201
47.855745989011986
47.88303185526554
47.959018573746896
47.9763615327066
48.02500313953444
48.076927691100956
