7.803760071722104
7.841513984172767
7.846707892524367
7.861426457754345
7.884518344232573
7.887148345455501
7.915365526583516
7.931580185818059
7.938833776327455
7.9436314081196695
7.954010687774216
7.991067351760807
7.9939555868713335
8.006974488980953
8.02891153693773
8.055658876677926
8.069879602461786
8.074774858405627
8.077191699656076
8.085590292390107
8.122176159748202
8.132861841065333
8.153043974740923
8.178398198657957
8.190674788787756
8.193242976756316
8.198886377135256
8.234310918726639
8.242582255308918
8.260959784222866
8.284891278380304
8.295166190101051
8.297834729356683
8.331963192969132
8.337620598927574
8.35402722910305
8.376391083860053
8.384490307066912
8.417063311111256
8.419779048026358
8.433922021405568
8.454447972392694
8.460070642593667
8.491567168624613
8.503017793668825
8.521300396131817
8.52400847347773
8.554065367903416
8.563134488652128
8.579508289217495
8.607620172941235
8.613753367837619
8.627689578786516
8.654095676871378
8.657480409225817
8.669192979842085
8.694145880054815
8.702966746738571
8.725839278709065
8.73184542041144
8.752757663890222
8.756030820530329
8.775109706824804
8.79158444067771
8.80543288283059
8.816632040810573
8.825157981109967
8.830985736072284
8.834089205248546
8.904647064245937
8.973015970318784
9.039188287161123
9.10315716995437
9.164916580054529
9.224461298947066
9.227337075776466
9.233701662505357
9.24327105453718
9.255774981495318
9.270956258663164
9.288570171674635
9.30838389276025
9.330175926936697
9.333539386450335
9.357874105643983
9.364591609757959
9.391121229487908
9.400803439297368
9.429195667121078
9.44147096660543
9.444498159012442
9.475216744610732
9.49051430486823
9.49691562607937
9.529512675246243
9.547348133108347
9.556620062509932
9.590665386381456
9.594085745329373
9.61478359493491
9.627235768069779
9.66311170196447
9.669782350352888
9.692754476895162
9.707780540344261
9.744946011203163
9.748715718966249
9.75881923192103
9.784298489613082
9.802117642609154
9.840857236333754
9.84775824197641
9.86056316831188
9.863838150526982
9.89193628078803
9.91264712926753
9.953121451748318
9.963237440018055
9.978849779176201
9.985295633082867
10.015209809444773
10.01873925858413
10.042327838857524
10.084581349619118
10.097883266543567
10.11629476429127
10.125885403791223
10.157657540167678
10.164250097652074
10.16799030100906
10.194337060439846
10.23830500290517
10.25465758008682
10.275752086791146
10.288353814998901
10.321914242518226
10.331439620263225
10.335347117606744
10.342866087637079
10.371750713076207
10.417263996258436
10.436430350780979
10.45998837013907
10.475364275219611
10.51053619466037
10.514567923854326
10.527614739565426
10.535213985730563
10.54613261219883
10.577236183384958
10.624023669917367
10.645667411871935
10.671368250136657
10.675481685029741
10.69412210768226
10.73145821421181
10.739099633256725
10.755192925758191
10.765997642652772
10.779841487855665
10.81274587766089
10.816899157714726
10.865419768222901
10.889943410418105
10.91820986580364
10.925855865885156
10.94718911317302
10.986168925839136
10.99682353506776
11.000975586291032
11.020379370874133
11.034648783194099
11.051694085452468
11.086734588659755
11.094348209952988
11.143996480741107
11.170732356051827
11.174843002905698
11.205857307837855
11.217172208001497
11.241378926389562
11.2822377413961
11.29607442049215
11.30361944760054
11.325538394404614
11.329568462439683
11.347334825381207
11.367628633009497
11.404907099940157
11.416018135579392
11.466949103050585
11.495999239273107
11.50344030512638
11.507351714202231
11.541078076273577
11.555980743036793
11.583020210569027
11.625767594977106
11.642731245569923
11.65360401205802
11.678017098502256
11.681772946526753
11.689919599607085
11.711006930439764
11.734385332258658
11.773787975704632
11.788219208451496
11.840365877370024
11.871611128800824
11.87517576600692
11.886621005396085
11.894604794762417
11.930803282761756
11.94900853709836
11.978631828012224
12.023064531315844
12.042888412094628
12.056810529748242
12.060993674694261
12.08851546484654
12.096303935546858
12.10815348032496
12.132185244232106
12.158280881744927
12.199485701963065
12.216852649442627
12.220776343270975
12.274709035192359
12.308677069339229
12.316238931547893
12.331176512293142
12.34271361015045
12.380941328950472
12.40196091122844
12.40559295852617
12.438194876576157
12.484758123801788
12.507834072216088
12.525193133978586
12.533188677372795
12.563243169591496
12.574436988323601
12.58937356664799
12.593532232243623
12.620784066564275
12.649888401651861
12.69323695972633
12.713828726732036
12.72153729056449
12.776641002417916
12.812663614679972
12.816468035803064
12.828145129420067
12.846721780262445
12.861959250447745
12.902442750526763
12.926467132338116
12.933860649396754
12.968661530943725
13.016610369168797
13.020885448046743
13.047268107792776
13.068111847628108
13.079951004737167
13.112635568177781
13.127290550960867
13.145387878796372
13.153131588463685
13.15699358497143
13.187419823745666
13.219498968494781
13.265001770184204
13.28877588664277
13.300199854918331
13.356536745623927
13.394632770029054
13.402006348303376
13.406285249440147
13.42188773744187
13.443937398629894
13.462706031341343
13.505348190701309
13.532242597867423
13.543224713458029
13.580129483984491
13.583940420548117
13.634081953085051
13.642627017627367
13.672066467048754
13.696134709498232
13.711537954406756
13.746632286726472
13.764485071457916
13.78549324903671
13.789669695024358
13.801593417009242
13.809722744843375
13.84297990109707
13.877697684868478
13.925056882797488
13.951661348707548
13.966419278386688
14.023729182286706
14.028249074854559
14.06898669496887
14.080430880674118
14.088826562834486
14.107869645664199
14.132926093649653
14.154752677767739
14.199144794053637
14.203119077325464
14.233302422088318
14.248263127306888
14.287742926499988
14.295674691123788
14.347510168042971
14.359717188396152
14.391660608800393
14.418386668887756
14.422656422366217
14.441906799600616
14.47975746979989
14.501120950416714
14.52537285657306
14.533523943693387
14.548922795516773
14.560603355807086
14.59604027129911
14.600584734515447
14.63816955531987
14.687657228326787
14.717319921977383
14.735618930008973
14.794231346434005
14.802580796349238
14.845223146324239
14.849152386463492
14.86472008728292
14.877286498537215
14.899861224427712
14.928040425391314
14.953041527880037
14.999368652902502
15.007186099994284
15.039787918038476
15.04394747084865
15.062845553507502
15.104931378219895
15.116939655783275
15.170548027039459
15.186399412155456
15.220888905656524
15.250308917004842
15.258280931056454
15.262651397536743
15.28561620576718
15.32614573519875
15.350905348343181
15.37830034833131
15.390289420259277
15.409052185675025
15.42416935860836
15.461740322305559
15.466302680311061
15.475290215762556
15.515560399982316
15.567031062122199
15.599559218728217
15.621181553466657
15.680989759214784
15.692934733220847
15.737343002895136
15.742078610061055
15.750476796891467
15.769825722575712
15.786216072320657
15.812005414740982
15.843008544373854
15.870880456815398
15.918898506711775
15.922914668415354
15.935107814621352
15.970741790811323
15.979249734231603
16.001651837173114
16.045973284301063
16.061610480851673
16.11665561334201
16.13571788224829
16.139868599248686
16.17739876243059
16.210008548886815
16.222136800800154
16.23073607175954
16.256890878503867
16.29962149971283
16.327258445106487
16.357285165971664
16.36155320146457
16.377708157403525
16.400193732347056
16.419110026515565
16.459249870108543
16.46792239756937
16.480688109683516
16.523060007539073
16.575958429519453
16.58032693227051
16.615995791739355
16.641199734406747
16.702574281108717
16.718371190502836
16.764899064290372
16.77362713800609
16.785722283440023
16.808106640284638
16.812559145021435
16.83290040045543
16.8620663413492
16.896079426224787
16.92701029772819
16.976970833424634
16.98501879415632
17.000722489512608
17.038580949347935
17.04310137675998
17.055959157758963
17.081912085561658
17.128582480828992
17.147895316334925
17.204536550327354
17.226883298289724
17.234951676069716
17.2746164971056
17.279189153467886
17.314949955871906
17.33114907266351
17.34388981691515
17.373200858719375
17.41814983470923
17.4486490944025
17.48130627593234
17.489378695796542
17.49398827223227
17.51412467516785
17.540171039099352
17.562720838757574
17.605325633843105
17.617927465229332
17.634307164637598
17.67870043261236
17.732979934408153
17.737611505806164
17.746559847021782
17.785139524262565
17.813671899996283
17.876459082285503
17.895838596714082
17.944301962012005
17.956743292000255
17.972269448617155
17.976908472219367
18.002982283460184
18.011916979659045
18.03584049901851
18.068040335531833
18.104736171810202
18.138393457074557
18.19001680608727
18.201709415799183
18.206341729473234
18.22608062159344
18.266762854497397
18.275668630334533
18.292387914932537
18.321438951473883
18.370061275348622
18.39258193324735
18.45045090054257
18.455062720754704
18.48112548394397
18.493520302427797
18.535826602294264
18.544688548730914
18.583070769615496
18.602759248160854
18.61905044629489
18.650969907008967
18.65554782651195
18.703096900702615
18.73681546579513
18.77247912590242
18.78468066847775
18.793484242080957
18.81692834942233
18.84587527521513
18.871387118709634
18.87591810396031
18.92125558579396
18.93798720948183
18.95820310806248
19.00492552835355
19.060931822585868
19.06966284450003
19.082383359159238
19.123140495060404
19.127611883381228
19.15959709368957
19.224021584728707
19.24710434417747
19.297710641112186
19.31398819837717
19.333086838511502
19.341731493116445
19.37062627025139
19.37502576675003
19.388410818352025
19.415932744313178
19.451212998227188
19.490658600303906
19.527110036965627
19.58051999036496
19.59588478476152
19.604429618031492
19.608745292292323
19.632413039925883
19.675874751792602
19.689044950615898
19.709532421572323
19.741627800769525
19.792206939870002
19.817878814772147
19.877019172694837
19.88123945525585
19.89055623104305
19.920149511108157
19.93665467967064
19.98147050553014
19.99440724659525
20.03527958778919
20.05828248958565
20.07794585577244
20.082059534400855
20.11733931565746
20.126543078545758
20.17646620897812
20.21314543721374
20.251565884510377
20.267588983269214
20.280273946416493
20.306755611328065
20.338351396851785
20.343229412150286
20.37234247103163
20.38142083915502
20.429160811764156
20.44961894606024
20.47327914911493
20.522010823065685
20.579450707681275
20.591865857195895
20.59661406914473
20.61359838217238
20.657114982823387
20.666055926638208
20.701029096214235
20.76671195488892
20.793010804976653
20.845345903100856
20.86495582446814
20.869563873100027
20.8926313351691
20.905665399706937
20.937833273513366
20.946625112871892
20.963845986592826
20.994387908838313
21.032189507876378
21.073835687247445
21.078293557550857
21.117870984934367
21.173457301143348
21.192797317044963
21.205553258163004
21.2141846591704
21.241091949037255
21.286693168287915
21.30340534419815
21.30770336163605
21.332140674982785
21.367504225723376
21.42032437488661
21.44937793583027
21.510120139351695
21.51858011101906
21.531771832547808
21.564114541981812
21.568243367873304
21.588923958629398
21.636398841969626
21.653486064433114
21.697007862123282
21.723447717178292
21.746607292533962
21.754885183240138
21.792659614880765
21.805548783391682
21.810381740080505
21.862736265862868
21.902407014295964
21.943628135627787
21.963466259542766
21.98002589144279
22.009583364570343
22.04388844960184
22.052699058498195
22.057342223218253
22.08995564608355
22.10343451892228
22.15353860734577
22.17761990927546
22.204636388809657
22.255362214534724
22.31425051036443
22.33025318396207
22.33469802427237
22.344194037256152
22.365213244808746
22.4113353097986
22.42450595370305
22.46230091709706
22.529162026008418
22.55849848762535
22.612457750271563
22.616696054641086
22.640340584179942
22.64963274090685
22.6763590332971
22.69344956022933
22.728611420461373
22.741458498097142
22.762203827840597
22.795493026569137
22.835565979066846
22.840474081919535
22.884983544819217
22.894062331028305
22.936401183715578
22.993843220985273
23.016744249043303
23.03328160129899
23.045790038502748
23.075548155033328
23.08023067877334
23.128529162052182
23.14928180992132
23.158138034802395
23.18602187240304
23.224179153727658
23.27881194121978
23.310756410258186
23.37269321638845
23.377142723408017
23.39018937398494
23.407630495840785
23.443162638814737
23.451787430620957
23.476030475008802
23.525620393552956
23.546232533515887
23.59184620541187
23.596055562851177
23.626216045230095
23.653160137752977
23.665864781740197
23.70648754906768
23.723363965256585
23.732479850528826
23.7866323006429
23.82862442311251
23.871976830416447
23.876822986135807
23.90064578336316
23.921252748045248
23.95410465674559
23.99136203305164
24.004293116500936
24.013156792651156
24.048482066243903
24.06551753973444
24.07010600584312
24.122716097723256
24.150503873496024
24.180977661872653
24.233871166953456
24.294413081775037
24.31410592558479
24.322709286794044
24.335999892249234
24.34032427484618
24.365338874418093
24.414101128508808
24.43145773858906
24.472103905074576
24.54025759059516
24.572655751171855
24.628336653471976
24.6366718987858
24.6633304662182
24.668270379744932
24.68208047469413
24.71235182928774
24.733366287675832
24.771443824599544
24.788215841821145
24.812382915375277
24.84835655584784
24.890662810131747
24.89532211809094
24.905004087918694
24.95220681739371
24.965648125587737
25.01058245287458
25.06975897642613
25.096013907961698
25.11611389115969
25.13227510707793
25.13664812959087
25.169974783480342
25.17937974025096
25.23011823274786
25.25458479399146
25.267644584293866
25.298673636601887
25.339353670153532
25.395574805083374
25.430129550138766
25.43509741608726
25.498932189988956
25.508053067975055
25.52523851306681
25.546494209070314
25.584830080992408
25.597495858237796
25.62488902811232
25.676249925798828
25.680915973872885
25.705530966510796
25.753797127782452
25.762627150767205
25.79600692973254
25.826225532342256
25.8428092396584
25.885805912091055
25.906132446589403
25.91049168518856
25.9242242641797
25.98064197861018
26.02540603281931
26.071359240275363
26.080626602575798
26.10781505912729
26.131839930535016
26.167387105713956
26.207007213736418
26.211941181791026
26.229238673032956
26.24257147934675
26.280940392015378
26.30182979944861
26.31078855028058
26.365260021224746
26.396040622600072
26.429261401913557
26.433873988266384
26.489176191194893
26.551644446223087
26.575204388962412
26.588125849759244
26.605394919658806
26.614038984816318
26.642229822540195
26.692870137749008
26.69715701271597
26.718739887833767
26.762348624607096
26.831988535781957
26.867557956598855
26.925141446324528
26.93764021118969
26.96743794560256
26.976492916056042
26.993862639511885
26.99870469642625
27.032499100684344
27.057399220275446
27.09840726426585
27.119071276044398
27.146654993353913
27.185347520719784
27.22994675130327
27.238670230940116
27.243172934156153
27.257449433823805
27.307271166071843
27.324918298488914
27.372380767306883
27.433268487247865
27.462774034532266
27.4863238745872
27.50602151238499
27.51440810532042
27.51945642678227
27.5561388994416
27.56999526947306
27.62301623248818
27.65097479754766
27.667991048050933
27.701970374961693
27.745008549952498
27.80269930447299
27.80739515265844
27.845287558003953
27.854972705252397
27.92047992341097
27.933905658151172
27.954887636848984
27.97962942491728
28.020488595353935
28.0368505139537
28.041190570525377
28.07232293675882
28.126125696582186
28.13546763998295
28.16365858779354
28.21421384716535
28.227198648844105
28.263397742875117
28.296483872357538
28.316505111624434
28.321372074080013
28.367273248761503
28.391537873034405
28.40053187056706
28.418327047265823
28.47656778764883
28.523630392973335
28.571713671219516
28.584834487300636
28.58933342081141
28.620261393780506
28.64808483850614
28.6867535809039
28.729188927521736
28.738567945683396
28.75958597954762
28.77672937335414
28.81754699870125
28.841647122551056
28.84666381116193
28.860220001581194
28.916913196884263
28.950998203646886
28.98729771112423
28.996313938521805
29.05337795399862
29.117140498066412
29.143829029129662
29.148465948470786
29.165832412278384
29.18722984369557
29.200332484519137
29.231901725291173
29.284693315002137
29.29334263843574
29.318314798002703
29.36410127371096
29.36835605236999
29.43965086106019
29.478480267097343
29.53812283523305
29.55483292179672
29.5878732239016
29.601102259228036
29.622122810578674
29.631132698362702
29.667536032164087
29.672290669619315
29.70103098443986
29.744974462702327
29.769489964671983
29.800476237075603
29.84191110196413
29.888850707547117
29.901599849122316
29.91022885640326
29.914590446392598
29.933285151077744
29.985649306057294
30.00734729853558
30.0572677725764
30.11983832849774
30.152490071787163
30.17937627950106
30.20249339318176
30.21475360120646
30.21960630217874
30.229483459364214
30.26931362586941
30.28735777429186
30.342505255703696
30.373738595505433
30.394470016331073
30.431207759691056
30.476440905557723
30.48089012306376
30.54082538455378
30.55031691392251
30.591244824614506
30.605273691603575
30.6722295532854
30.68960218530164
30.714045557390396
30.741951161983078
30.785056775375896
30.789988488041192
30.81061147674055
30.819714225872037
30.85416840754247
30.910056386688197
30.923601675233826
30.95494674068477
31.007429238892108
31.024109229547765
31.028627484330002
31.06814450003239
31.104605610404292
31.12855470489208
31.138005061108462
31.1863339145799
31.21400218783777
31.2270556315425
31.248360560688738
31.30797721624649
31.31296948114865
31.362757839471794
31.413416362503277
31.430759276760423
31.439808313614154
31.473860005669305
31.50485559624098
31.54604552858538
31.590703128633038
31.595272413593744
31.60931094623563
31.63430796856344
31.65552372271127
31.699127827566933
31.726746303377656
31.73612965550298
31.75351779236733
31.811776435989593
31.848445722653103
31.85348066225312
31.893045538358564
31.90659185143499
31.965682317503614
32.031033316939755
32.061059087738165
32.070029039267716
32.09098337373469
32.11565652268318
32.12025940340254
32.1378376654222
32.172860666771264
32.22794458093735
32.24099121089893
32.269440566855145
32.31755769320124
32.326111991293295
32.398244691282464
32.439423697137755
32.44448400533003
32.50622793494093
32.52708661840571
32.56335781623794
32.580705293831734
32.605349843778285
32.618477519731265
32.65752032541906
32.66638630061871
32.671005904867584
32.70344388650125
32.750226417377235
32.778452124091345
32.81272300059932
32.85681613761111
32.90603301087424
32.92266128606375
32.935265861767604
32.94370487975837
32.94877381136619
