26.782434558877252
26.782434558877252
26.80177674168939
26.80177674168939
26.80177674168947
26.82041192171126
26.82041192171126
26.834400611980154
26.834400611980154
26.834400611981085
26.84714649724128
26.84714649724128
26.847146497241358
26.859246222378776
26.85924622237878
26.87591954061376
26.87591954061376
26.89323970856543
26.893239708566455
26.893239708566544
26.893239708566547
26.893239708566547
26.908775562585017
26.92213686459667
26.935889294809915
26.93588929481107
26.93588929481107
26.935889294811073
26.935889294811172
26.95198789076978
26.967659902758655
26.967659902758655
26.9816540762209
26.981654076220902
27.00001215478214
27.000012154782247
27.000012154782247
27.016530728004554
27.0165307280058
27.016530728005808
27.033155666418445
27.033155666418445
27.033155666418565
27.04781866413167
27.058930210538183
27.05893021053819
27.05893021053819
27.071560825267625
27.079319659306677
27.08635843112087
27.086358431121
27.086358431121
27.086358431121006
27.103538470497664
27.12185273696956
27.1372721894901
27.1372721894901
27.13727218949025
27.13727218949026
27.149257227612843
27.157116432444006
27.157116432444006
27.171959686137676
27.18699199705013
27.186991997050292
27.1869919970503
27.1869919970503
27.20257721178413
27.214832500731035
27.22418046605733
27.235377435173586
27.235377435173586
27.235377435173596
27.253211061551074
27.25321106155125
27.271305382822582
27.271305382822582
27.271305382822593
27.28632840389237
27.300024394075585
27.306835361506195
27.306835361506202
27.306835361506394
27.3169900380028
27.316990038002814
27.333235440504296
27.333235440504296
27.35224742709206
27.352247427092287
27.3522474270923
27.37059909003385
27.37059909003385
27.38157222330937
27.390104119094374
27.407493882692485
27.407493882692734
27.407493882692734
27.407493882692748
27.42387846466513
27.43840366694308
27.450638787144065
27.450638787144065
27.45063878714408
27.46342838336858
27.46342838336885
27.47261197502271
27.47261197502271
27.486570461735482
27.486570461735496
27.505815341661283
27.52592946205194
27.52592946205194
27.541514730823806
27.541514730824105
27.54151473082412
27.55504348628662
27.55504348628663
27.561672848626912
27.573219513902735
27.573219513903062
27.573219513903084
27.573219513903084
27.58896396510292
27.60711751718173
27.625304558649812
27.636088553631332
27.636088553631332
27.636088553631357
27.636088553631723
27.645040093517345
27.660050541244683
27.660050541244683
27.675316463991525
27.67531646399155
27.689649640621564
27.68964964062197
27.68964964062197
27.696977929406927
27.711389705370713
27.711389705370742
27.728517564125283
27.728517564125283
27.745442735246378
27.745442735246826
27.764497052292977
27.76449705229301
27.764497052293013
27.782643716035384
27.795064236675326
27.803000786426704
27.803000786427198
27.803000786427198
27.803000786427233
27.81903684932678
27.834174447124283
27.847648777433342
27.847648777433346
27.862458358672935
27.862458358672974
27.862458358673518
27.872530315877484
27.872530315877487
27.883081076343117
27.900605721959565
27.900605721959607
27.920367587620653
27.920367587620653
27.920367587621257
27.937263633087852
27.951357209776198
27.951357209776248
27.951357209776248
27.965791008844295
27.976249117533428
27.976249117534092
27.993134698780946
27.993134698780946
27.993134698781
28.01014058843945
28.027560973761975
28.041705579719505
28.04170557971951
28.041705579720244
28.0417055797203
28.05386743521272
28.06602715316741
28.066027153167415
28.084981433551043
28.104207783914
28.104207783914063
28.104207783914873
28.104207783914877
28.12039607105899
28.13714251119148
28.15290409084971
28.15290409084978
28.152904090849784
28.16318016255023
28.17418914170102
28.174189141701902
28.19203637776551
28.21239657019934
28.212396570199342
28.21239657019942
28.23201254916973
28.24673748629488
28.246737486294883
28.246737486295856
28.260154207622378
28.260154207622463
28.272890760398752
28.272890760398756
28.290441621698736
28.308673377437337
28.308673377438414
28.308673377438506
28.30867337743851
28.325026907984267
28.339091436417586
28.353567678747318
28.353567678748533
28.353567678748536
28.35356767874864
28.370513569231335
28.38701042395647
28.40174113286409
28.401741132864096
28.421065426086503
28.421065426086617
28.438453397899572
28.438453397900883
28.43845339790089
28.455953333072088
28.455953333072216
28.47138806750706
28.4830844321455
28.483084432145507
28.49637981607121
28.50454700979653
28.511956243285155
28.511956243285297
28.511956243285304
28.530040495260682
28.54931867049426
28.56554967314748
28.565549673147636
28.565549673147643
28.578165502750366
28.586438349941076
28.60206282751337
28.61788631268437
28.61788631268454
28.617886312684554
28.634291801878057
28.647192106032687
28.657032069534047
28.66881835281432
28.66881835281433
28.687590591106414
28.687590591106602
28.706637245076422
28.706637245076433
28.722450951465717
28.736867783237518
28.744037222638166
28.744037222638376
28.75472635579249
28.7547263557925
28.771826779478264
28.791839396939075
28.79183939693931
28.791839396939324
28.8111569368778
28.82270760348361
28.831688546415148
28.849993560728944
28.849993560729207
28.84999356072922
28.867240489121205
28.88253017572958
28.89540924962534
28.895409249625363
28.908871982493256
28.90887198249354
28.918538921076543
28.933232064984733
28.933232064984754
28.953489833327684
28.974662591633642
28.991068137709288
28.9910681377096
28.991068137709615
29.005308932933307
29.012287209080977
29.024441593581845
29.024441593582193
29.024441593582214
29.04101470010833
29.060123702296554
29.07926795647348
29.090619530138238
29.090619530138262
29.09061953013865
29.10004220370246
29.115842674994397
29.13191206735949
29.13191206735952
29.1469996217069
29.146999621707327
29.154713609902018
29.16988390039025
29.16988390039028
29.187913225395054
29.20572919499618
29.20572919499665
29.225786370834708
29.22578637083474
29.2448881221425
29.257962354395072
29.266316617291256
29.26631661729178
29.266316617291814
29.28319668350186
29.29913099697292
29.3133145025614
29.328903535445143
29.32890353544518
29.328903535445754
29.339505595660455
29.35061165930849
29.369058654694296
29.369058654694342
29.389860618548067
29.389860618548703
29.407645929566183
29.422481273448653
29.422481273448703
29.437674746151913
29.448683281614173
29.448683281614876
29.466457577664194
29.46645757766425
29.484358514146834
29.502695761854753
29.517584820757396
29.51758482075817
29.517584820758234
29.53038677390815
29.54318647701835
29.563138351106378
29.583376614646333
29.5833766146464
29.583376614647253
29.60041691690415
29.618044748622566
29.634635885104906
29.634635885104984
29.645452802684403
29.6570412017905
29.657041201791422
29.675827766068913
29.697259547578206
29.69725954757829
29.717907946494407
29.733407880310352
29.733407880311375
29.747530744865614
29.7475307448657
29.760937642524965
29.779412233367047
29.798603555197154
29.798603555198284
29.798603555198383
29.815817797878132
29.83062256465005
29.845860714470817
29.845860714472096
29.845860714472202
29.863698493927707
29.881063604164687
29.896569613541136
29.916910974827843
29.916910974827964
29.935214103052125
29.935214103053504
29.95363508744424
29.953635087444376
29.96988217632316
29.982194139100464
29.99618928007494
30.00478632610159
30.012585519247516
30.012585519247665
30.03162157395859
30.051914389993932
30.068999655944637
30.0689996559448
30.082279476579245
30.090987736779987
30.107434555277134
30.124090855457133
30.124090855457318
30.141359791450487
30.154939058981665
30.16529691529889
30.177703529278126
30.197463780111896
30.197463780112095
30.217512889554015
30.234158896279578
30.249334508670948
30.256881286987422
30.256881286987642
30.268133006097237
30.286133452082257
30.3071993651989
30.30719936519915
30.32753361776597
30.33969221419314
30.34914583833163
30.36841427445142
30.368414274451695
30.38656893591694
30.402663342873126
30.41622026276341
30.430391560519094
30.430391560519396
30.44056728534361
30.45603375261539
30.477357719292158
30.499644833298433
30.51691382916754
30.516913829167866
30.53190413992965
30.539249693769303
30.552043782717586
30.552043782717956
30.56948915800866
30.589603897154166
30.609755743656194
30.62170476856647
30.62170476856688
30.631623372318266
30.64825544736241
30.66517059722041
30.68105223337555
30.681052233376004
30.68917222094937
30.70514094777903
30.72411918462616
30.742872836837936
30.742872836838433
30.763985653510076
30.78409276014983
30.79785510988938
30.806649070832737
30.80664907083329
30.824417561580713
30.8411905231292
30.856120529011818
30.87253003731048
30.87253003731109
30.88369010069499
30.895380694008715
30.91479858388847
30.93669538794503
30.936695387945704
30.955416767964124
30.971032919419365
30.987026048580645
30.998613980646212
30.99861398064695
31.017323765962033
31.03616685699633
31.05546922300468
31.07114191658641
31.071141916587234
31.084617656745046
31.098091028440003
31.119093001164256
31.140396436469473
31.140396436470382
31.15833359674085
31.176889209076027
31.194353563267978
31.205739792298953
31.217938107147486
31.217938107148466
31.237713437966878
31.260273207976677
31.28200836473049
31.298324084536763
31.29832408453785
31.313190257752847
31.32730278160467
31.346749719333186
31.366951110733307
31.366951110734515
31.38507136618689
31.400655331209965
31.41669548891605
31.41669548891741
31.435472098870566
31.45375116227793
31.470073277411043
31.491485236660242
31.510751687422538
31.51075168742401
31.530142197309
31.547244396128793
31.560204356947022
31.574936084288524
31.583985606421855
31.59219528341758
31.61223323574493
31.63359409472952
31.651578585203996
31.665557343766586
31.674723933451602
31.692036373974936
31.709569321532847
31.727747148894096
31.742041114716443
31.752944121366177
31.766003715028546
31.786803979064118
31.807908304792477
31.825430417135177
31.841404745968223
31.849348723143482
31.861192637995714
31.880140475874708
31.902315121260674
31.923719597646834
31.93651812020178
31.946469303505424
31.96675186784207
31.985862037805525
32.00280351881208
32.01707396080186
32.03199111633418
32.04270240562287
32.05898289748795
32.08142917820038
32.10488929820703
32.1230671885956
32.13884646308172
32.146578625018236
32.1600460870691
32.17840964000667
32.19958304963356
32.22079551963574
32.23337344059397
32.2438140761218
32.261321523536736
32.279126944439945
32.29584445618224
32.30439181152268
32.32120099765927
32.34117808907736
32.36091877561607
32.38314279316523
32.40430816857555
32.41879485251198
32.428051653505044
32.446755327976085
32.46441107697456
32.48012687264054
32.49740003927084
32.50914747441187
32.52145336211059
32.54189324619462
32.56494251362265
32.58464922943153
32.60108728359502
32.617922156396446
32.63011997962345
32.64981449048152
32.669649323149294
32.68996760315817
32.70646517534956
32.72065016498946
32.734832661510566
32.75694000122041
32.77936466996284
32.798245891300276
32.817778114811105
32.836161645539576
32.84814714978282
32.86098748120243
32.88180361890614
32.905550745232354
32.92842985760491
32.945604299506364
32.96125290289069
32.97610819115597
32.99657865192297
33.01784327444954
33.036917227557446
33.053321401266096
33.07020577779896
33.08612761761447
33.10086405055949
33.124487235643436
33.148931828055225
33.169212302542
33.18962336557902
33.20762568012634
33.221267744145706
33.23339158461768
33.253447425744
33.276034984984456
33.29852009970527
33.31748638025008
33.3327385183111
33.3458324380367
33.36551014271331
33.38533933908107
33.40400153505188
33.41951914198977
33.43324326597016
33.45459012635495
33.475571250992
33.4987684651035
33.52081496925378
33.54294342234344
33.55965496418002
33.573908673347916
33.59171457175243
33.6110316518233
33.628466917846424
33.64704083293772
33.666675551545744
33.68108069214162
33.6958875047997
33.71881699138365
33.74304040117533
33.764479913151966
33.78267763808684
33.80111384067183
33.81940400308236
33.83587441548672
33.85673338735941
33.878387425869235
33.90071256431873
33.919275771730064
33.935507828914034
33.951601375291425
33.975085428327304
33.99873089195758
34.018868066297706
34.03947971249864
34.060878630519106
34.08140410956701
34.09571966413594
34.11071355876592
34.13314876907506
34.15823075649153
34.18234850038894
34.201232164999105
34.220905158606946
34.239001168107166
34.25621415665178
34.278630243058245
34.301667513093136
34.32248841427881
34.34063582125718
34.35910023909416
34.377711982441895
34.39623425992258
34.41708544433605
34.442155447878264
34.46531856531118
34.48746218857342
34.50959513019001
34.52930304069493
34.5465386247709
34.56305968212054
34.57981060711391
34.6033076814213
34.62656071565114
34.64942995616909
34.67036734350153
34.68764207098126
34.70351475601399
34.723934876628334
34.74514318006195
34.7651006118134
34.785368914937266
34.80333465390815
34.81946685610292
34.84270895703025
34.865469924311476
34.89020049786113
34.913700214728905
34.93713808875263
34.95597818377578
34.975248245841534
34.992056177871
35.01210953509715
35.03346738244857
35.052904384491214
35.073287980764995
35.09454220740831
35.11196854610393
35.12921525342707
35.151037267629796
35.17608193795951
35.198334595640624
35.22142583234113
35.24163262918402
35.26193143671933
35.281954946007524
35.3001111055794
35.32229577297703
35.34509308505351
35.36838322085842
35.389973670661625
35.410705884438975
35.42909157522956
35.447211739313495
35.472216920536034
35.49723744404409
35.518785051276964
35.540641312383215
35.563101325946604
35.58458534778454
35.60699099099167
35.62360306377717
35.640726241503444
35.664783323193184
35.691217457836174
35.716596125659116
35.73686092247038
35.75773201670998
35.7786264876692
35.79900845004841
35.81842088806624
35.84264359530574
35.867321721028645
35.889757545921746
35.90951474490745
35.929432231034085
35.94934672646801
35.96988037248942
35.99078099202396
36.016389437060575
36.04042546707554
36.06527298299853
36.08901588564938
36.11261048582252
36.133761078917324
36.152797218085674
36.17258539973233
36.19156749144267
36.21233371373057
36.23611960038499
36.26097082380388
36.285454285865995
36.30796500574552
36.326856639359306
36.345520990404644
36.36586904390175
36.38806631906121
36.41015361874552
36.43219015931517
36.45438936538465
36.47426641749219
36.49226482235565
36.516878761512295
36.540894659808124
36.56663861431322
36.591068068702405
36.615291459744434
36.63815558626019
36.65904984971274
36.68021858169295
36.69891221760103
36.720550848952634
36.74328848857413
36.76405895676399
36.785584198615865
36.80778991535292
36.83024767406339
36.84985132500242
36.869151062914746
36.8926620043411
36.919097042029286
36.94274013802148
36.96703823888659
36.988452349007325
37.00980795731658
37.03185208116271
37.05397606600794
37.07419356076263
37.09810355352052
37.12245888284279
37.147143613127305
37.170072740843814
37.192043511294
37.21251219647142
37.23326348014177
37.256424800034566
37.28187577955262
37.30707038656273
37.33029436493886
37.35367355075534
37.37748616530531
37.400229315663154
37.42370358543349
37.44490003492337
37.463890759437284
37.48428483616397
37.51098677008217
37.53695820392372
37.563740882635216
37.5855260322874
37.607745673874646
37.629843880106066
37.651309394451864
37.67323360825419
37.69652193460578
37.72161826771285
37.74713337310367
37.771178091863625
37.79253956795453
37.813912627372254
37.835140000489
37.85681055223784
37.87868253224318
37.9048775556306
37.92942718833111
37.95459392018936
37.98087336225027
38.006080318863404
38.031006518857176
38.05346888481059
38.07377831986992
38.09480628489735
38.11685064808068
38.13799867203266
38.16070897241895
38.186153195212405
38.2124726012905
38.23830360332767
38.262119309817294
38.28235351917968
38.30292505660966
38.323958351741794
38.34648203875744
38.37058954549714
38.394479247358454
38.418184697909545
38.44190650606744
38.4632819326311
38.48273013263031
38.50831838717435
38.533191594194484
38.55955732662788
38.58452292383105
38.6093581948832
38.63520156148273
38.65961632522078
38.68202025645433
38.70454329288035
38.72457115514667
38.747250722191865
38.77082608386633
38.79396644128576
38.81672459043479
38.840065505528
38.8639164594862
38.88786828034739
38.908967948254826
38.9296359542997
38.95415944958312
38.981313457564006
39.00566550318549
39.0304879330776
39.05554626284266
39.07870723562676
39.10167496452693
39.12515693880515
39.14857274248522
39.17003313151362
39.19485491833683
39.21995105828602
39.245209156880144
39.269757775894234
39.29442039409334
39.318035827025966
39.34008535689927
39.36226223954867
39.38658533008568
39.412938043622646
39.43889940676024
39.4628386182265
39.48687284537603
39.512025699782285
39.537454501723076
39.561729328403544
39.586558541588516
39.609081438304614
39.62936428179343
39.650833451661924
39.678145968137
39.704613117211366
39.73169726760088
39.75765414820964
39.78108372974742
39.80478685593138
39.82823318670276
39.85093480157015
39.873926278444685
39.89806549944025
39.92377188791955
39.94972337988166
39.975142682919014
40.00078398011818
40.02373794302263
40.04656244898112
40.06910586624193
40.091925373180366
40.11478904650951
40.14161014367237
40.16671635954021
40.19225475156233
40.21869382792355
40.24605897012697
40.272593010777435
40.29871863311871
40.322359671522754
40.3438092241443
40.36579290180618
40.38891765504915
40.412923644622914
40.43594401933439
40.46031228205482
40.48713929458242
40.51465703347448
40.54156785059255
40.56641894045437
40.58782185145517
40.61030387507533
40.63297542950466
40.65595256584262
40.680210308721826
40.70583521637226
40.731113527262636
40.756074879653916
40.78090759542224
40.80336479730278
40.825404506583624
40.850001979519654
40.87532889308361
40.90191798202207
40.92883892319769
40.95520831568264
40.98131301055262
41.00823225443981
41.03364891084484
41.05700757011015
41.08032936364455
41.10420840586459
41.12622910577258
41.15063352325357
41.175751333573146
41.200316047157784
41.2243755694681
41.248844355674194
41.27365102562392
41.29840455798387
41.321717863824844
41.34482395135717
41.36738560629685
41.393638300478
41.421921429584856
41.44756654585576
41.473515228120306
41.49954242951452
41.52361925018442
41.547362273129785
41.571441270700085
41.59661561526683
41.621720496402034
41.644830017592646
41.670992908318006
41.69727421309437
41.72356487387413
41.74903472130482
41.77446373795454
41.79874645767923
41.823333360080305
41.847209735343114
41.87107045994124
41.896831208977915
41.92437896833857
41.95141153403815
41.976377345294644
42.00128539170388
42.02710576558595
42.05303556381667
42.0782592644978
