16.846165024940255
16.846165024940255
16.853285510098843
16.853285510098846
16.85328551009892
16.863497526623405
16.863497526623405
16.873823735484418
16.87382373548442
16.883054656610557
16.88822110182625
16.88822110182625
16.888221101826332
16.89432162837217
16.894321628372175
16.90396991722783
16.90396991722783
16.914111900209818
16.92204564054831
16.922045640548397
16.9220456405484
16.9220456405484
16.925962246150608
16.93132864102001
16.938696835372394
16.945118178284336
16.945118178284336
16.94511817828434
16.94511817828444
16.953527786011996
16.96086969530266
16.96086969530266
16.964211856704754
16.96421185670476
16.972960015461755
16.97296001546186
16.97296001546186
16.98280726237326
16.99299483614929
16.992994836149293
16.99986455647558
16.99986455647558
16.999864556475703
17.006611656537416
17.01055456014404
17.010554560144048
17.010554560144048
17.01813027523334
17.026486841934318
17.035664622852718
17.03566462285285
17.03566462285285
17.035664622852856
17.045967404455237
17.052117246118215
17.058726099657076
17.058726099657076
17.058726099657225
17.058726099657232
17.06977305358397
17.08048387080864
17.08048387080864
17.090595113507526
17.100284093756546
17.100284093756713
17.10028409375672
17.10028409375672
17.109164644365418
17.11540706670276
17.122205689892734
17.129921454208006
17.129921454208006
17.129921454208016
17.138276653542576
17.138276653542757
17.146949855371552
17.146949855371552
17.146949855371563
17.156177659118633
17.16572008179735
17.17460171737849
17.17460171737849
17.17460171737869
17.18163325968199
17.181633259682002
17.187341204078812
17.187341204078816
17.197300174471803
17.197300174472023
17.197300174472037
17.207459541477462
17.207459541477462
17.217353566433157
17.227437448907008
17.235776585843265
17.23577658584351
17.23577658584351
17.235776585843524
17.24289537200118
17.248074327922282
17.255658962722258
17.255658962722258
17.255658962722276
17.264918809944877
17.264918809945147
17.274909433328972
17.274909433328972
17.282170950487526
17.282170950487544
17.28866871009707
17.29907571597709
17.29907571597709
17.309570367428645
17.30957036742894
17.309570367428957
17.318983068463368
17.31898306846337
17.32833696922895
17.33837197795854
17.33837197795887
17.338371977958893
17.338371977958893
17.345087913085642
17.351663398706005
17.357322069773172
17.365317219751145
17.365317219751148
17.36531721975117
17.365317219751535
17.3742504663792
17.383690773654383
17.383690773654383
17.393822810726164
17.39382281072619
17.399991024704487
17.402274773774586
17.402274773774586
17.40871212573094
17.416144228311826
17.416144228311854
17.424217544871425
17.424217544871425
17.434468201459985
17.436540425695323
17.445876261399953
17.445876261399984
17.445876261399984
17.456954475949097
17.46779654046221
17.478111583350174
17.48639801541167
17.486398015411673
17.486398015411705
17.490540517158845
17.498142192367446
17.5055415240903
17.505541524090305
17.51334476790846
17.513344767908496
17.521893892291924
17.5309241820088
17.5309241820088
17.539356023893145
17.543623279522855
17.543623279522897
17.5508727532865
17.550872753286505
17.561092400641154
17.571486064241157
17.581126170266224
17.58112617026627
17.581126170266273
17.588967097936646
17.592656297665044
17.599140526650725
17.606224133713873
17.606224133713873
17.606224133713926
17.61702449908217
17.62354657475889
17.629175294581913
17.629175294581916
17.63963407976125
17.639634079761308
17.65014520724996
17.65959531064843
17.659595310648434
17.669065650517155
17.67499183479874
17.674991834798803
17.678549884115203
17.678549884115203
17.68592237708392
17.692890293418646
17.702602433124454
17.702602433124525
17.70260243312453
17.712188011298803
17.717515325456066
17.72462327885549
17.73280528941074
17.7403005369461
17.740300536946105
17.74030053694618
17.751050028024583
17.761919721562492
17.761919721562496
17.771636480642638
17.77707484402758
17.777074844027666
17.783496450918026
17.783496450918033
17.7936525444503
17.804328316010288
17.81267962162975
17.812679621629844
17.812679621629847
17.816802364369014
17.822451201073648
17.830207195128786
17.836966503457145
17.836966503457152
17.836966503457255
17.84581872211784
17.853547047686963
17.857065112320747
17.85706511232075
17.86627370048601
17.866273700486122
17.87663922355075
17.887362985420253
17.88736298542026
17.894594269974245
17.894594269974373
17.901696480565654
17.905846905414727
17.905846905414734
17.913821342350833
17.922617728351863
17.932278550371226
17.932278550371368
17.932278550371375
17.94312358363704
17.949597101177016
17.956553789112736
17.956553789112892
17.9565537891129
17.968182161667357
17.97945670611438
17.99010011948163
18.000299046059546
18.00029904605972
18.00029904605973
18.009646994068884
18.016217964950297
18.023374410413428
18.0314962675874
18.03149626758741
18.04029121425537
18.040291214255554
18.049420900391134
18.049420900391144
18.059134378019635
18.069179033470917
18.07852812355633
18.078528123556538
18.0859297470337
18.085929747033713
18.091938109556672
18.10242123628613
18.102421236286364
18.10242123628638
18.113115306818404
18.12353006992966
18.134144683060033
18.1429227219403
18.14292272194056
18.142922721940575
18.150416181053895
18.155867713602426
18.163851539707665
18.16385153970768
18.173598747310415
18.1735987473107
18.184115192977885
18.191758895250047
18.191758895250064
18.19859864220746
18.209553385239058
18.220600386767014
18.220600386767323
18.220600386767345
18.230508493119356
18.240354704451544
18.250917871535325
18.250917871535673
18.250917871535695
18.257987276932273
18.26490884074318
18.270865336603357
18.279281283948592
18.279281283948617
18.279281283949
18.288684701451807
18.29862186700463
18.309287169185453
18.30928716918548
18.31578002600474
18.31818397239432
18.324960132348377
18.332783398222993
18.33278339822302
18.341281626180464
18.352071791010527
18.35425307967933
18.36408027515789
18.36408027515792
18.375741553630668
18.387154253118158
18.398012193000227
18.40673475306496
18.406734753064995
18.41109528121988
18.41909704459735
18.426885814831937
18.435099755693155
18.435099755693198
18.44409883399154
18.453604402114568
18.46248002515072
18.466971873181993
18.46697187318204
18.47460289819636
18.48536042172757
18.49630112025389
18.506448600280272
18.506448600280326
18.5147022083544
18.518585576489556
18.52541108068501
18.532867509172537
18.532867509172593
18.544236314823376
18.551101657640974
18.557026625875736
18.56803587343293
18.56803587343299
18.579100218157887
18.589047695419435
18.599016474228616
18.605254562946072
18.60525456294614
18.608999878016036
18.61676039693047
18.624095045703868
18.634318350657356
18.63431835065743
18.64440843294614
18.65001613205905
18.657498188268967
18.666110830958708
18.674000565206455
18.674000565206534
18.685315818973276
18.69675760164476
18.706985769097543
18.71271036213432
18.71271036213441
18.719469948334794
18.7301605731056
18.741398227379275
18.750189075399764
18.75018907539986
18.75452880459898
18.760474948498597
18.768639152767168
18.77575421416544
18.77575421416555
18.785072339071434
18.793207418617875
18.796910644548174
18.80660389524844
18.80660389524856
18.817514972158694
18.82880314254765
18.836415021025527
18.836415021025665
18.84389103217438
18.848259900436567
18.85665404457983
18.865913398265125
18.8760826846013
18.876082684601446
18.88749850909162
18.89431273808107
18.90163556748698
18.901635567487144
18.913875959649737
18.92574390117292
18.936947494191077
18.947683206378358
18.947683206378542
18.957523151651337
18.964439963105455
18.971973063592966
18.980522386933988
18.98978022553184
18.98978022553204
18.999390421464227
19.009615134757375
19.02018845628504
19.030029603743372
19.030029603743593
19.037820786351134
19.044145378480565
19.055180248722102
19.05518024872235
19.066437165071857
19.077400073610022
19.08857335058936
19.097813391515963
19.097813391516237
19.105701243214472
19.111439698528716
19.119843726007915
19.13010394453711
19.130103944537414
19.14117388734498
19.14921988973673
19.1564196233761
19.16795093183041
19.179579354491416
19.179579354491747
19.190008940125445
19.200373373106697
19.211492496352783
19.211492496353152
19.218933975717974
19.22621983236104
19.23248982800333
19.241348719945687
19.241348719946096
19.251247054159577
19.261707228425713
19.272933862300263
19.279768448425806
19.282298918309575
19.289431718261216
19.297666734971344
19.306612238084444
19.317970306326618
19.320266399662277
19.3306108159555
19.342885845926816
19.354899213808388
19.366328624210567
19.375510266383973
19.380100296020697
19.388523204839093
19.39672191034919
19.405368163887317
19.414840877885577
19.424846739067718
19.43418950015841
19.438917761243964
19.44695041915378
19.458274128134008
19.469790652898556
19.480472210821073
19.48916021932011
19.493247975251858
19.500432716510236
19.50828158860238
19.520248752445315
19.52747542909543
19.533712237763602
19.54530091940276
19.556947598060553
19.56741862675693
19.57791207813502
19.584478487311298
19.588420924226984
19.59658989150535
19.60431057442472
19.61507194805997
19.625693087311255
19.631595928482746
19.639471777124772
19.648537716798195
19.656842700216885
19.66875349365557
19.680797475415034
19.691563967470604
19.69758985487775
19.7047052087729
19.71595849800534
19.727787607767112
19.737041131999217
19.741609267998303
19.747868366840017
19.7564622660701
19.763951804384085
19.773760356916604
19.78232359854445
19.786221731102675
19.796425152892443
19.807910497008393
19.819792781628358
19.827805285289298
19.835674770709012
19.84027357940607
19.849109520609517
19.858856208699322
19.86956072063215
19.88157737799025
19.88875025061074
19.896458492090705
19.909343115419766
19.921835685444186
19.933628941252795
19.944929690923637
19.955287528052917
19.962568382215167
19.97049796167573
19.979497249403142
19.98924234266406
19.999358338382176
20.010121194480252
20.021251006614662
20.0316101092024
20.03981135405247
20.0464688194519
20.05808447233775
20.069933857968838
20.081473761693257
20.093235105882062
20.102961464752198
20.111264466539847
20.11730494581803
20.12615129053301
20.136951520563777
20.1486040919402
20.157073568142078
20.164652235130923
20.17679045455655
20.189030899462907
20.200009410656314
20.210919340110305
20.222623680369384
20.230456816542922
20.23812613932514
20.244726134738126
20.254051284151174
20.26447058332331
20.27548129307719
20.28729880241887
20.2944931036037
20.30341964878244
20.31333340523021
20.32274972429669
20.334705585604294
20.347011066033648
20.35897431212385
20.370781272419904
20.37861916129546
20.38660886254291
20.397832792323076
20.41007196677919
20.421270864186145
20.431774750391398
20.438867636262138
20.4456019548621
20.454510163292973
20.464095850941654
20.473197021132304
20.484362275877547
20.494204129985064
20.50136872565113
20.51058769575236
20.5227764500703
20.53519667118431
20.54570954255358
20.55516316631663
20.564340302720254
20.571572526550792
20.58007825569306
20.590608758665294
20.60190324513939
20.614297053134248
20.625745229687183
20.634255544188573
20.643132200553197
20.656782801704978
20.669915998858187
20.68223858426001
20.69394574269323
20.70546833019374
20.71699992597738
20.725465867390373
20.734404203727895
20.744213518867383
20.754584780359693
20.76531386423252
20.776753240322876
20.788665768981673
20.800784131693863
20.812026158508548
20.82111136257391
20.83100756231856
20.840500950948293
20.852568709064624
20.86510101269637
20.87760547697106
20.89017588861324
20.900667264222474
20.910659493617356
20.920511453251926
20.928073652939485
20.93815960520856
20.949958492390053
20.962422432054723
20.97171636620048
20.981761874465484
20.992499623878363
21.004929668874755
21.017585551017305
21.029551511559152
21.041307405502607
21.0536716681155
21.06376640618801
21.073169258231847
21.08227572898975
21.090224098124256
21.100617659488208
21.111905515640633
21.12360864243646
21.13593026046266
21.146936072927314
21.155590559690328
21.165748239846888
21.17669985552588
21.187033533327188
21.199632967757243
21.212416318235864
21.224724934369398
21.23673410319458
21.249543792021576
21.258522789064415
21.267500419302753
21.279403527819436
21.29212265175496
21.30370364084081
21.315669757505113
21.327325791787693
21.335597064213648
21.344132884894037
21.353084674183346
21.363336520702322
21.37440547489946
21.38487269021938
21.397157805426357
21.408041193300278
21.416603390360375
21.426233371194126
21.438903916308323
21.451643990241422
21.463680042689774
21.475346727853054
21.485862454565716
21.495969333609903
21.505410709087005
21.514387868718238
21.52443469042123
21.536263306558148
21.548674408179412
21.561985024233522
21.574250924609082
21.583712661633108
21.5939068342226
21.607013863990396
21.62028022083331
21.63326432323676
21.64650954337315
21.65902356977264
21.67121419597086
21.683263822324697
21.69448845069477
21.704361403472625
21.714539548688947
21.725399973374408
21.736647545511104
21.748086814019054
21.76005111127262
21.772313661446855
21.784619041108854
21.797645041844124
21.809869894161288
21.819898908670226
21.830549966065746
21.84092189270198
21.853081090287205
21.86578215254572
21.87882327345215
21.89225132759118
21.90559502978627
21.916815085594052
21.927410848526442
21.938671665478328
21.949873748138526
21.95875661509244
21.96989149817356
21.982506530605416
21.99560465057588
22.00598693251228
22.016806464383617
22.028197575418325
22.040102268743038
22.053468978760442
22.06690296725634
22.079532676738186
22.091812400223482
22.104518100891482
22.116678457807296
22.12797785358062
22.13847418699115
22.148541572256157
22.158043947461096
22.168350342536577
22.180038357019814
22.192197364345578
22.205030796048508
22.218305926019294
22.23018354454921
22.239678294816937
22.25045037376483
22.261824408158898
22.273978436786628
22.28551745631413
22.299062987224207
22.312635640865928
22.32560807385729
22.338145199383103
22.35129039434215
22.363435852904278
22.37369498209198
22.383806775129234
22.396550082529394
22.409919276374296
22.42205629123112
22.43440662069344
22.44653995575916
22.45934981298117
22.468798037211986
22.47834980865698
22.488147325887002
22.499028837364037
22.510533921759446
22.522651618017893
22.53434012040394
22.547609455629633
22.559399301484632
22.56883450446446
22.579142040866152
22.59216712224648
22.605112946946235
22.618121918675822
22.63116308808397
22.64370544422515
22.655004799997883
22.665764499213196
22.676939118535874
22.687815098848727
22.69810551315843
22.709265834807447
22.721970889698653
22.735079646677566
22.74889160916512
22.761558099463382
22.773608171108993
22.78436836400885
22.795678062275112
22.809606955065323
22.823537489112052
22.83704847538813
22.85065444535918
22.863411046961712
22.876344956598434
22.88956114506107
22.902495324327415
22.91449598462219
22.925061083263802
22.93614545806766
22.947751077869185
22.959860250445917
22.972190856966336
22.984555484898845
22.99726907672926
23.010114484250654
23.02284735751944
23.036109915777573
23.048976808464623
23.06224660486607
23.073282243138173
23.08475897509316
23.095818962522856
23.108423576795406
23.121387986103983
23.134518794741886
23.148272868529695
23.16254880321586
23.176594731694863
23.18847158908044
23.19960203853199
23.21147269781656
23.223995910929776
23.236316962997453
23.246286629849077
23.25824582417905
23.271459525617594
23.284978790496876
23.296803912484076
23.30850460416529
23.32047433437007
23.3328389384075
23.345541550583587
23.3594814250375
23.37333181340544
23.38626300188887
23.398956528331006
23.41232597276367
23.425951981665914
23.438910020526603
23.450898482828464
23.461970613395785
23.473695319653032
23.48512229443225
23.495866215121637
23.507225861910854
23.51974816393884
23.53256624467945
23.54587159327832
23.559441360976063
23.572029168444978
23.585042946464768
23.59564493645344
23.607310524448742
23.61939631345904
23.632069657886873
23.644003533464357
23.657686626300407
23.671236773018453
23.68563577061121
23.699405549961003
23.712610147193903
23.726238976449668
23.738762839108478
23.751232658932683
23.762736858055415
23.77395310922909
23.787519498606283
23.801528865480893
23.81421424247607
23.826947053611065
23.839353377958837
23.8526526707251
23.86644673582485
23.87689749389494
23.887295041316186
23.89780822995711
23.909193664137764
23.92146473124818
23.934182179494634
23.947333748526404
23.95992788095336
23.973872266877507
23.98625777288887
23.997609337039552
24.008521713556714
24.020116874525318
24.03414591425927
24.047950019443572
24.06166262804055
24.075252500067293
24.088213345813703
24.100411653087075
24.112964809623666
24.124857583225236
24.136994960359853
24.14869720418919
24.15968988535585
24.171353863098684
24.18432839121705
24.19752767032139
24.211522447448544
24.226181612203206
24.239601220686783
24.25228201460704
24.263582355491405
24.275627772326757
24.28924276895701
24.30315977081104
24.317948278778662
24.33218693571084
24.346362677087374
24.35957650629493
24.37280191235324
24.386136773909726
24.399973134769244
24.41383218861827
24.42665320425861
24.437957361649058
24.449599883972713
24.46158077695416
24.47439230788673
24.48763427205292
24.500937391490336
24.514121729925655
24.527484593326292
24.540817807747572
24.55388736515076
24.567301507126572
24.58096814946335
24.59479857132552
24.60886075253239
24.62064758522003
24.63269866523887
24.64440561595746
24.657004494229547
24.67058213925933
24.684523397456157
24.698471846250456
24.712859599524517
24.72758841982994
24.74194213653286
24.754487204217035
24.767562691384448
24.77978024236189
24.79255022253275
24.805787440695305
24.818678004457563
24.83020001022315
24.841629220066203
24.854801699784076
24.869017248033096
24.883372438157476
24.895965621978878
24.908286103527878
24.920705760767813
24.933342226623168
24.946636807768282
24.96038607649649
24.97516023582399
24.989696938665094
25.003206024508852
25.016333026895683
25.029943925729697
25.043638421655988
25.0577850203905
25.07164617558935
25.084433922400564
25.096196901718343
25.10842363839078
25.120577084037862
25.133302286550574
25.145230327820947
25.157593093941443
25.170908214062106
25.184350204698294
25.19809903373122
25.2119410532797
25.22492929962053
25.238629295913572
25.252583907943293
25.264095303112523
25.2764631384679
25.28907423065176
25.302085614862467
25.31496676346541
25.3280661112528
25.342677325614996
25.357010381177698
25.371996016682697
25.386228101038665
25.39976550735342
25.413546223350846
25.427267589979298
25.440798615134522
25.454126605781706
25.46638358602709
25.4782113705373
25.492114170414983
25.506278217226328
25.51988706878515
25.53359293243567
25.54719233873435
25.56032807755511
25.574156648072748
25.588297783932216
25.600843232706783
25.612597267182526
25.62415140726134
25.63566406853136
25.64785203172043
