7.794227452793918
7.831479648458908
7.836673556810506
7.851392122040485
7.8744840085187136
7.877114009741641
7.905331190869656
7.921545850104199
7.928799440613595
7.93359707240581
7.943976352060355
7.980504893114618
7.983393128225145
7.996412030334787
8.018349078291562
8.045096418031758
8.059317143815619
8.064212399759459
8.066629241009908
8.075027833743935
8.111057782225899
8.121743463543032
8.141925597218625
8.167279821135658
8.179556411265459
8.182124599234019
8.187767999612959
8.222607363440021
8.2308787000223
8.249256228936249
8.273187723093686
8.283462634814434
8.286131174070066
8.319643661088463
8.325301067046906
8.341707697222382
8.364071551979382
8.372170775186241
8.40409538281583
8.406811119730932
8.420954093110142
8.441480044097265
8.44710271429824
8.477916717787302
8.489367342831514
8.507649945294505
8.510358022640418
8.53969647228521
8.548765593033922
8.565139393599289
8.592495019658898
8.598628214555283
8.61256442550418
8.638174462889989
8.641559195244428
8.653271765860696
8.677386707442812
8.686207574126566
8.708198044380653
8.71420418608303
8.734187943544512
8.737461100184618
8.755562632776703
8.77100857325864
8.783774075021062
8.793833295747893
8.80115930209664
8.805723968689815
8.807497871161756
8.813723786320304
8.824074843723084
8.838239744144992
8.855922010621489
8.876839277972595
8.900722618870311
8.927315904604836
8.956375198797383
8.960841532159753
8.993048048290838
9.00178722259489
9.036774698809992
9.049362513302663
9.086779740845907
9.102810058765717
9.142320361485481
9.146212625724587
9.166211985254956
9.20841462945292
9.216676501890317
9.240135569307183
9.284582326344756
9.296679060312965
9.323106007816499
9.369363335346756
9.373459346500205
9.389796757469519
9.419645786621992
9.468230595916056
9.476658099058277
9.496609924341772
9.529291850869457
9.579665929024243
9.591782849341662
9.59595538487123
9.61983745822293
9.655711820750186
9.708291366132332
9.724423215141378
9.73290348700813
9.760002414245662
9.798387639007768
9.852535462130527
9.856661116728418
9.877003462763737
9.889976444501036
9.920535675051857
9.961714323031527
10.017763800260855
10.026187522805346
10.049911371948825
10.066527579915563
10.099742986334887
10.104631837216047
10.148765052493356
10.206925136723981
10.219739192306854
10.246985678408588
10.26737610350497
10.303430870141
10.312469435087772
10.358683114651916
10.363292299571395
10.423660690114817
10.440851154590163
10.471652040027713
10.495838102460656
10.534802560524394
10.547997748699586
10.596404283465752
10.605180418576532
10.66682056954157
10.671976167894508
10.693433859996746
10.727722403351502
10.755626595625907
10.797468784531334
10.814727489463639
10.86533311042725
10.878184816642694
10.941151145917319
10.945812636851256
10.955951835693442
10.981480473511013
11.01909961146585
11.050553556826317
11.095147298369543
11.116284197976984
11.168996915170345
11.1857384523666
11.249982725377025
11.254988541218198
11.26468142343643
11.279480936975329
11.308801941162649
11.34950916527947
11.384258429759809
11.4313882108342
11.456130448579241
11.51076492628213
11.531120764509252
11.536378221240476
11.602703812755507
11.61265612911247
11.62696310760334
11.646022029626177
11.67877571198018
11.722244354638203
11.759949701891976
11.809312029792341
11.83730041484777
11.84272036226705
11.899951387954971
11.924521507264712
11.934650632295185
12.00269562373558
12.01708581649352
12.035511430426313
12.058348568343497
12.094091598735547
12.098647663634765
12.145405452154856
12.186593898697124
12.23876091095131
12.27052575783409
12.280752317179427
12.340099779520845
12.368318413318866
12.382715793332217
12.452029600834672
12.470266373951585
12.475759037787016
12.498676861365395
12.52569078944657
12.564869099777118
12.574322205094639
12.623767988837129
12.667822569312715
12.722205092201156
12.75710250002279
12.77143411839822
12.776845005199936
12.83868840617418
12.870865386994355
12.889816755127793
12.960841917866896
12.98324569595406
12.993442978034873
13.020093180612887
13.050532314161392
13.092423858426882
13.097679736593738
13.11217768387761
13.164575537880662
13.211757208591298
13.268654479188564
13.306943537799246
13.325596335233923
13.335674267498279
13.399261509479029
13.43456266626766
13.439594540461094
13.463174053263188
13.536131510279258
13.562805077384496
13.577787480750242
13.608303744517489
13.642321654347636
13.687120089733401
13.69701395025604
13.7155856565781
13.720328802658559
13.775744391614891
13.826113501183425
13.885619902574188
13.927354546140286
13.950339351897759
13.96508120860974
14.030558641514629
14.069064581838408
14.078713546513532
14.105880164037117
14.111210967566867
14.186133489548755
14.216994911216116
14.236656886244234
14.27098174516021
14.30853743636759
14.356237442521092
14.370679461178536
14.393265331479952
14.40261250451659
14.407531171541937
14.4658584536065
14.519301370963685
14.581333064746419
14.626388488784611
14.653537011202992
14.672758714182596
14.740081728961982
14.78168286756168
14.795769444233374
14.826395875770242
14.83178604942988
14.842516174471742
14.919268041837084
14.95407002061904
14.978139220595539
15.016043387001927
15.0569205951153
15.10733717144927
15.126059441040377
15.152417658488872
15.157285178725177
15.171907005798229
15.18223268803585
15.24320603576487
15.299447254239869
15.363754354771132
15.411839062513451
15.442815788573645
15.466164115401371
15.535109265685914
15.579517703168637
15.584749947675416
15.603864928147772
15.638603639335184
15.649277309866076
15.66493186433609
15.743213520517632
15.781547736546992
15.809589265898097
15.850675958012001
15.894487468775472
15.947260286308076
15.952809586332673
15.976322579123401
16.00700057395024
16.017171784856867
16.036517482001482
16.05168824255069
16.114879183031793
16.17347798616028
16.239641241984263
16.290293560884457
16.295172668057223
16.330412399237478
16.3583175047599
16.429450476512038
16.477182973783304
16.487605997989352
16.51112402852087
16.54938949709678
16.564696547954007
16.584637277380914
16.6639740516439
16.66907662336249
16.711306366411396
16.74367049831904
16.788338499609374
16.83550455475803
16.891091827111183
16.901723221934045
16.929325066483944
16.963637071731604
16.97836949837629
17.00171800117302
17.007001833922462
17.02722964231355
17.092989197048404
17.154297314265115
17.222701259332936
17.276277904600885
17.286276569580135
17.32502286732996
17.35670476879123
17.429355088893935
17.479675341643144
17.48509981195214
17.50082344579
17.5289000907349
17.570898069276975
17.590995317513144
17.615402813079697
17.696143277582873
17.706266437581
17.75156404819264
17.787391404853164
17.834807942194267
17.84033399202234
17.890972384175164
17.949523911748464
17.96527884270613
17.997065682082532
18.03513563597067
18.05451191961368
18.08197885991759
18.092188190619
18.116496555938962
18.183960757531565
18.189550877254167
18.25363569016136
18.324374785619693
18.380939696740604
18.39601576709578
18.438310805113858
18.473801845551016
18.54811851167118
18.601125677980814
18.611384338898983
18.63132810485253
18.636946314039594
18.669475153911517
18.71514281554819
18.73991683985654
18.768696142356358
18.85090078079656
18.865926453418535
18.914273771738245
18.953528697093653
19.003696109984183
19.013968730579837
19.019580556757283
19.073559329059467
19.134969484010686
19.1556352758444
19.19144226867271
19.233127577559525
19.256961711514577
19.288388221210948
19.303324679748822
19.331558311505724
19.40069147714209
19.406263932719312
19.417465351155826
19.484151020290646
19.557071048558583
19.61643687514287
19.636298043616467
19.681925423902854
19.72099563597974
19.796855244280415
19.85237428764612
19.86718410494169
19.8726856624814
19.897543669912594
19.908707116378434
19.945348878174396
19.994384218781512
20.02348076799417
20.05629094572748
20.13976224153579
20.15931898826893
20.210435171544674
20.252815844822745
20.25821641082258
20.31180951827985
20.32741775299878
20.33851191166322
20.395466829795257
20.459392187621567
20.484519475952798
20.523938414004252
20.56884767869739
20.596702655809125
20.631673105632256
20.636943992980513
20.657092232357574
20.689788462958237
20.761253427390017
20.772248376783253
20.788501966369438
20.857375168856958
20.932079020059057
20.993812803796978
21.017921987139932
21.066412281571555
21.07152618083217
21.11462782309513
21.192595598448545
21.251154545834073
21.270952921714585
21.281820111302086
21.310986038840273
21.3270506771727
21.36722667525117
21.41908193342382
21.451899083885557
21.48814629359734
21.49401267668336
21.57924015049362
21.60366407607299
21.657983226759438
21.703915872619074
21.714628097964194
21.771032353463024
21.79125851285087
21.807102233283338
21.8664179921516
21.932258352932582
21.93791304289926
21.96774393243306
22.01106775837702
22.059521754043004
22.09168700806128
22.13052324690757
22.14105462357659
22.165627625681296
22.202027761913165
22.27516312205815
22.290755262103687
22.296174463961513
22.317607091950126
22.388944846791663
22.465736706739733
22.530120467210256
22.558672779387795
22.61029750848075
22.620623444837655
22.666944923200802
22.746294800020504
22.807110230774992
22.812271421582803
22.83710478293034
22.85337066547689
22.886935996220775
22.907969229555423
22.951820843510095
23.006678786399192
23.043359983394332
23.083207599461044
23.094099681319392
23.180289420907318
23.208618764051646
23.214433478808743
23.272013932616492
23.32154353971449
23.337528565541426
23.396834304579215
23.42168258433328
23.44227770779078
23.504079838536207
23.57198730346946
23.582623716810986
23.61613121064947
23.62164079909653
23.668812179643204
23.720774265972693
23.75717758349888
23.79983234428822
23.81550994638397
23.844437986601996
23.884511112787443
23.959390405967845
23.97950972136196
23.989869185293617
23.995054370503695
24.021466786830583
24.095206854364132
24.174044600235145
24.241009408294506
24.27384755585376
24.328516154108467
24.343860973796925
24.39331003360706
24.47404292875959
24.537073319615775
24.547135745882933
24.552909310543907
24.582509740235942
24.603888109990816
24.641616485655227
24.667353364300943
24.71468014571448
24.772373806791418
24.812708832874563
24.855959617656207
24.87160867317186
24.95869488024066
24.96410206573854
24.99706425583406
25.008555382588867
25.069140287937557
25.12199168821787
25.14288898838979
25.204852651044796
25.23399182526099
25.258998992029355
25.32305968022241
25.392825654303678
25.408087682279103
25.414045672872053
25.451887287240634
25.463048035850626
25.51370311221673
25.56882344496452
25.609075473629932
25.65517731988859
25.675560211983925
25.708438746970295
25.7518112004618
25.828153939801155
25.83370660471766
25.858872698046422
25.874684914784208
25.885498038672058
25.916391973189903
25.99216056607172
26.072683771289515
26.141837911298218
26.17848033700535
26.2357686712564
26.25560474331152
26.307743497951545
26.313811086329014
26.39652299150447
26.462334855500632
26.477742969327604
26.488990938394288
26.52278713988336
26.548683511284395
26.590021910738923
26.619876285492133
26.670147319887135
26.730171476136412
26.735797716140553
26.780177340926542
26.82724515823922
26.848008042576538
26.936551397862562
26.94741330585369
26.984364516723467
27.00082867035909
27.06384075018379
27.119413199518387
27.1445347951643
27.20857329805486
27.214680225871998
27.24838930206062
27.27809059175798
27.344808824726666
27.416861633418122
27.43704868251909
27.448308299274622
27.489767154641306
27.50578735535383
27.559233686032773
27.616826858713942
27.62245923220759
27.6667734471078
27.71656353581752
27.741837653279322
27.778898133505173
27.82584178381264
27.90401957732371
27.91485757459239
27.94423748480549
27.964638728418564
27.98019668895858
28.01473559253482
28.020816016509244
28.098838951475766
28.181296755642723
28.252870413336282
28.293472864412998
28.353602285541513
28.3780638279396
28.433123081023076
28.444323258727373
28.528242418795475
28.596011748523985
28.601587121009953
28.622317553672477
28.639014802226182
28.677050314728646
28.70749689987825
28.752527769295504
28.78656159751854
28.839902437577422
28.902418309720897
28.91316408715269
28.960631843521895
29.010557962174726
29.01655029777641
29.04233809781513
29.13243577896975
29.148652999131095
29.189570429343238
29.210938963984425
29.276440251860343
29.334784506722983
29.36410943716379
29.43031276473643
29.441386757961887
29.446846145371286
29.48498460932491
29.51923511200465
29.588569639567833
29.662888413759166
29.6878495649127
29.704242930703696
29.749237253201716
29.76997491630478
29.826175825726498
29.88622299604825
29.89681248412494
29.902659248460655
29.950845163018794
30.004152112167827
30.034086327070188
30.075133486851687
30.12548399805453
30.205419702451707
30.22129375254635
30.254692144678778
30.27946867851071
30.299550296232376
30.30483870792584
30.34379149919232
30.355628724624914
30.4357298227918
30.519961009245325
30.593767672013183
30.638065534464612
30.700826272464095
30.729613165170125
30.787376885463335
30.803381826927268
30.88837546216176
30.894023116748052
30.964519501375708
30.975851171645683
31.00149818327859
31.023230170948057
31.065148454534434
31.099770623927565
31.148159629125683
31.186011587175027
31.242113701922417
31.306838923276224
31.32228768864069
31.32828409933487
31.37946948373849
31.432909426294636
31.44452986997697
31.474872058336704
31.566223122956153
31.587300651784435
31.631754672408615
31.65754690166492
31.725173250129508
31.78590674207713
31.79130553612837
31.825311324027442
31.89427178993447
31.910778084724022
31.921867673611715
31.963918005171745
32.00218882092953
32.07370191221892
32.149860871135786
32.17903927982435
32.19998581923905
32.248009106305666
32.25373038415115
32.27955573637639
32.3389909768415
32.40199845761592
32.41793789809164
32.42928695127516
32.48077181680259
32.53703368104441
32.57100183659271
32.61543602830188
32.668615468711515
32.74980621042593
32.7558400847188
32.77702323141932
32.81477392385718
32.84425175256249
32.86918577046325
32.87998103686125
32.92267066956907
32.939512108610785
33.02111418536911
33.10654814586909
33.18198542643223
33.187386792150406
33.23563098132218
33.301335455817664
33.33468382755518
33.395477709453104
33.41651672592848
33.50300940317101
33.51403620429643
33.58658048476416
33.60282782909855
33.632582623256894
33.65852432945372
33.664213798293225
33.71017744926617
33.74912999434454
33.801079725928496
33.84293642191916
33.902046369346124
33.96926229053721
33.989577997363135
34.00082475872784
34.05491018546068
34.1110449077842
34.12735687258562
34.13332513200119
34.16827226742769
34.26109769933058
34.287081619539336
34.33519001418855
34.36548495070634
34.43543595694822
34.49875079503513
34.50940808085609
34.54715076280593
34.618007458023165
34.62331244785228
34.6451759243606
34.66181456778807
34.70778545447644
34.75008381572025
34.823878806626105
34.90200226937265
34.935407512895665
34.96090416608441
35.01203377296784
35.022884848326854
35.05274148115888
35.05830246507436
35.12093091765613
35.186873727944956
35.20802112346499
35.224725345175045
35.279474729673915
35.33867682714935
35.37661286474945
35.42440297518956
35.48041076128229
35.5629372995871
35.57397113198529
35.57977934775565
35.60605145884345
35.64798317144426
35.681974584755665
35.71156676360819
35.7276429550791
35.773933037867565
35.79557997266447
35.87866051770572
35.96529070076528
36.04233170591085
36.0527445549495
36.05879136883857
36.1107552776038
36.17922660575083
36.21687826707383
36.2805202525283
36.306310640037026
36.39419594009118
36.41030097899549
36.484758306373976
36.50564256492393
36.539266234044824
36.54461036374899
36.57544999634999
36.58697137782615
36.63667310737847
36.67963263831437
36.73485630141769
36.7804068145961
36.842261555163454
36.91172898954616
36.9365515946698
36.952667406939064
37.00938696275962
37.014948907339175
37.07445725877603
37.09605510819139
37.107746050579856
37.14688500984773
37.24092488294692
37.27138027538002
37.322767272825295
37.35714321361686
37.429102498771265
37.49466582699288
37.510111183070954
37.515882829413705
37.55790471492592
37.631305784914524
37.642352097081876
37.66904680029854
37.690694182992665
37.74012188550238
37.78597377081173
37.861658904803
37.94136588119853
37.97849866211616
38.008024688470194
38.01399804528398
38.068724091229676
38.08510616918979
38.119462649275185
38.13065584683019
38.19597916063196
38.264365547817185
38.29010911237932
38.3115428462038
38.36902900700331
38.43065308021904
38.47198051908311
38.478147715685104
38.5296884215743
38.58895633208396
38.67333595082399
38.68971484918303
38.70104519410433
38.73173042940237
38.777204858586096
38.81504693350015
38.84861899815969
38.86925844437851
38.87467847056222
38.92486022363983
38.95155268465265
39.03652727448951
39.124792695904695
39.203865525728936
39.21955716204257
39.23101502232267
39.28600645767971
39.35659062882083
39.397805130949
39.46361775708224
39.46921310305523
39.49990869775542
39.58951595886886
39.61085196773375
39.68754111852656
39.713252769317656
39.75098219831432
39.76175980087846
39.796670239940624
39.81313879661315
39.86578746209653
39.91193811335422
39.91770139456289
39.97634771504092
40.025725853651025
40.09051281114425
40.162450098496734
40.19189151201236
40.212976604645064
40.272548779293125
40.283433116965575
40.345476777479895
40.37141401440927
40.387846534221026
40.393770480193304
40.4371259988548
40.532558517240155
40.56750539900247
40.622255389415955
40.66076139901289
40.734886522896424
40.80284881378983
40.82311072081491
40.83409263125833
40.8794206088223
40.95446543786064
40.96054289102408
40.97720060576827
41.00864525443489
41.035214395746976
41.088092748083916
41.13749041645798
41.21514442353738
41.296532318131014
41.337386223512894
41.370923542107505
41.38199396234914
41.43928585656566
41.44550977107039
41.467227209380624
41.50594113265713
41.522569221649476
41.59053866160091
41.661334193202066
41.69153362144275
41.71755166938106
41.777730836974506
41.84175066468609
41.88639663635135
41.891827618986774
41.90391004205448
41.959019449524945
42.02139035439637
42.10753651289112
42.12899957074692
42.14558251437334
42.180467017877895
42.2293140465297
42.270821480756915
42.308181872585216
42.33316404328776
42.3387254055207
42.35008994472283
42.40390013764034
42.43531601557812
42.52201890295687
42.61176551699054
42.692695030052136
42.71332666925996
42.729848854494406
42.787638916706875
42.860151379875916
42.90467025446002
42.910355397876806
42.9790853354625
42.99053074176006
43.02574176557106
43.11683772521814
43.142993294412456
43.2216500687424
43.251792333943584
43.29326397410306
43.309042208605824
43.34765578481471
