7.703936513062687
7.736436554004946
7.741630462356546
7.756349027586524
7.779440914064753
7.782070915287681
7.810288096415696
7.826502755650239
7.8337563461596345
7.838553977951849
7.8489332576063955
7.880459530531536
7.883347765642062
7.896366667751705
7.918303715708477
7.945051055448673
7.959271781232531
7.964167037176373
7.966583878426822
7.9749824711608515
8.005746874243737
8.016432555560874
8.036614689236465
8.061968913153498
8.074245503283297
8.076813691251859
8.082457091630797
8.111753776090316
8.120025112672595
8.138402641586543
8.16233413574398
8.172609047464725
8.175277586720359
8.202955674404626
8.208613080363069
8.225019710538545
8.247383565295548
8.255482788502405
8.281265923148574
8.283981660063674
8.298124633442884
8.318650584430008
8.324273254630981
8.348622549716566
8.360073174760778
8.37835577722377
8.381063854569684
8.40359734800016
8.412666468748872
8.429040269314239
8.449232783569434
8.455365978465819
8.469302189414716
8.487372109111543
8.490756841465982
8.50246941208225
8.518647387676088
8.527468254359844
8.541104023573515
8.54711016527589
8.558299500589689
8.561572657229794
8.570416903350509
8.576118331757447
8.578626452388162
8.586185157703914
8.598443136174962
8.615065685489654
8.635733904140201
8.66014392451885
8.688006185445177
8.693516644997677
8.72563520647733
8.736426161156732
8.7724003166174
8.788017663164036
8.827462396803497
8.847470453408446
8.890015781627788
8.913996501430782
8.959286864467401
8.964336398077197
8.992960947200306
9.041739070032989
9.0521966492988
9.084957578993642
9.13677034126304
9.15208338813044
9.188488294942749
9.24289500945559
9.262528465541878
9.30209958004367
9.307410412497553
9.365053784828904
9.389573937814957
9.432945029183765
9.443677808291655
9.504034255777011
9.53283020816541
9.57943993204801
9.594947466029602
9.657500529422252
9.689973016659911
9.695220533325989
9.745582262526673
9.76631051102792
9.831644364024013
9.868312775797346
9.879027329814166
9.932509012672991
9.95774628385094
10.025265048672578
10.06545659539682
10.080895718290135
10.136866153879408
10.142807251809627
10.172916362518341
10.243107685586812
10.28725167181628
10.30779310307364
10.366750257542238
10.37808924787146
10.412296290326893
10.484488611607548
10.531841881725375
10.556677390790044
10.561973979580968
10.62426267310621
10.64123157514702
10.679841301129594
10.754451923758399
10.80537903497104
10.834826564627784
10.845623115325521
10.910471865074312
10.932175217935782
10.974344466097667
11.05062038909694
11.056067367177059
11.110799816498586
11.145045702164408
11.161490894658806
11.229202106389218
11.255840310441629
11.301834920226062
11.380143359439119
11.391075470480448
11.448738628655024
11.48684808032641
11.507954082338662
11.577668692561938
11.584071711090568
11.615732058864639
11.66570046283359
11.746285160488094
11.762779181000612
11.823583204320284
11.865725383046103
11.891627125531885
11.963618547584849
11.975374117310432
12.01103296553602
12.063991937476077
12.070079624545572
12.153080647875083
12.175116890972259
12.239167682188691
12.285408440952068
12.316138172244148
12.3905691462681
12.407690761630338
12.447433840848259
12.503524030063506
12.514997129922605
12.599447165600877
12.60502195844788
12.632500398204217
12.699816056884343
12.750134268400364
12.785637763318148
12.862576864996056
12.884990160086849
12.928810579773932
12.988076130028114
13.004869456498868
13.090903511617642
13.10191734826826
13.133649529025837
13.139556804941984
13.210080435451266
13.264380744052676
13.304530007597894
13.383964705354257
13.411520156387311
13.459331297164603
13.521732875753111
13.543702038944016
13.631364716504043
13.647671625690537
13.683573010583414
13.694851387511408
13.70091638468986
13.774525169840809
13.832647028807765
13.877249307590345
13.959095332702768
13.991577317044085
14.04322209900141
14.10864632734035
14.135576919400217
14.224832126583696
14.246213739122307
14.286123088942226
14.302552158346298
14.30861381173445
14.321031539832976
14.397542187245005
14.459265261527035
14.508068414638872
14.592175467592703
14.629307671360127
14.684564159372789
14.752829373543774
14.784442499951917
14.87517948147993
14.901350612788479
14.945035743511491
14.950946494573758
14.97326105018489
14.98565407836922
15.004011587149657
15.08318225710598
15.148228285258762
15.200922592728682
15.287076448456263
15.328523667388462
15.387107040701588
15.457965390891877
15.493919536069354
15.585955202381749
15.616565739682674
15.623206767758731
15.671399945509382
15.683634974761635
15.711379816503836
15.729624077143669
15.753458122117614
15.834986842076157
15.90301795484901
15.959234353018235
16.047155346770516
16.092521652515504
16.154082501961486
16.227218344839034
16.233441599409282
16.274353178148885
16.368471106919593
16.404162764593426
16.417009671525864
16.4692560704658
16.487265830387717
16.519932152141415
16.543493785644714
16.572285188080656
16.655804602062926
16.726417942814127
16.785722528693892
16.87506026226533
16.88176418564864
16.931614858603524
16.996779435981864
17.07286803906593
17.085316143778837
17.130643280248655
17.22644022120104
17.26665460980367
17.285087508935028
17.340869553288663
17.36404500827383
17.401060990664014
17.429342875233118
17.43540419442858
17.469581114028873
17.555680292209356
17.62944805750686
17.69240055537031
17.783811270294702
17.796645253544778
17.850392682488327
17.91861098434933
17.997128389170907
18.015107198826172
18.06423955183489
18.161235252587755
18.20534311807068
18.211669029774146
18.236013213818783
18.29577008307434
18.32448039960058
18.366267617754538
18.399684520591098
18.411917624664692
18.450784932032775
18.538901396514433
18.615224642920737
18.681193606460173
18.774116678967463
18.79230922546226
18.849285465757404
18.855779954622058
18.92743281837342
19.008801252876165
19.032588157083723
19.08589975786485
19.184609047838528
19.233001064849567
19.245425041385012
19.27488982081328
19.337918707533625
19.3713740214492
19.417171624091488
19.454935223392326
19.472490558456535
19.479063738505836
19.52285006637743
19.613355013870155
19.692587040368544
19.761911832867362
19.856771044937272
19.880562937518174
19.94112466652491
19.95365268909558
20.028003738463266
20.11150574718199
20.14022504913495
20.196911123281787
20.296641859782685
20.303209790116494
20.35606553266786
20.37468412193206
20.40942267992073
20.475977049022394
20.514365118777043
20.564405625733226
20.606739743034524
20.629800556021443
20.642351484311448
20.690176664221916
20.78230487546496
20.863642718973537
20.935486145075906
20.941970636656624
21.038994869387487
21.068438261576794
21.13274483847321
21.151349943584023
21.228616164806176
21.314503711506706
21.34827425645962
21.408538442449007
21.50961888514449
21.522117091786594
21.578509734582735
21.602296663557137
21.641315694508275
21.64764410992576
21.71780680682286
21.76114531877475
21.815486180226333
21.862437222217846
21.891008574188113
21.909524164943978
21.961477585968144
22.055444821798414
22.139085768995322
22.21363018795511
22.226005376974687
22.324313649548685
22.358339006819957
22.36444405477838
22.432502533051668
22.457079153364944
22.537317117764893
22.625677350293195
22.664457146787417
22.728335306125953
22.83091698294358
22.84927226037833
22.90925260980705
22.938181503074873
22.98150346109132
22.99369047975234
23.06643977044746
23.113624331078313
23.120432138090546
23.178992542769354
23.230466703627442
23.264412978570853
23.288737816247934
23.344758826143362
23.44062187240089
23.52660251681655
23.603867673046896
23.62199689696931
23.7216859901258
23.760228338576457
23.772166984277984
23.842880527489697
23.849337170154747
23.8796589835468
23.96279400640969
24.05357886246683
24.097194709809315
24.164585115510718
24.268673665648958
24.292675609368903
24.35614849559477
24.39004825462408
24.437545794281814
24.45538810454718
24.530686111049636
24.581617717564768
24.587669733591426
24.601150978015305
24.66373301363889
24.719517698964616
24.758584212934036
24.788442401622973
24.848342694753757
24.94602234475958
25.03424179757113
25.114108264068314
25.13772094588789
25.23873945867239
25.281591103970676
25.29909033705049
25.372345374200737
25.378922455788558
25.392048773550304
25.427782527601657
25.51362310662264
25.60666403582364
25.65482612876888
25.72550446817418
25.830975135351096
25.8602912719994
25.92703118502804
25.96560162402406
26.01701354756565
26.040175172596292
26.11784043523746
26.123908300850015
26.17933061744497
26.192053825884962
26.211770069917918
26.27806608071769
26.337837350965653
26.381657808248818
26.416660494324752
26.480131985721975
26.57942132077457
26.669649551803154
26.751867137938454
26.780566909594285
26.88272407052158
26.929543106093934
26.93603442120187
26.959679985085813
27.036229857127893
27.049370726983078
27.068667168622305
27.109373194371152
27.197611925972645
27.292620895050334
27.344923537244934
27.418543823885837
27.52514265488649
27.55931911738151
27.62897118525108
27.67178383267309
27.726716012088925
27.73358652725313
27.76259773603897
27.843323526779873
27.855966674027723
27.915430171186756
27.934261855075484
27.95966796033695
28.029254559638595
28.09257102894467
28.140661237148244
28.180300191286413
28.246908736034115
28.34746703432111
28.43933864184915
28.445561328243382
28.530727126889996
28.564988225106138
28.668969840401573
28.720314988135904
28.733282287373413
28.762478323336634
28.841864346778067
28.86094138698199
28.88579444299092
28.930913459836567
29.021114015952815
29.117670358528777
29.173578322861943
29.249659232380186
29.256173217922065
29.364492125082748
29.403946916740637
29.477039439608493
29.52456917083689
29.583545846929084
29.596796042992064
29.631010690262787
29.714283653500814
29.732806218834916
29.79573485964979
29.819988629813345
29.850412040269163
29.92272942713902
29.98901124365469
29.995777727372072
30.048506431642018
30.093143526245377
30.163337583339437
30.26571850743519
30.35978040602802
30.372407869537444
30.459962018505053
30.499086099115598
30.604372715512447
30.659581358947
30.678256323224417
30.71227244892698
30.793891487719222
30.818137959611768
30.82511963843931
30.855768015072265
30.905606117895957
30.998207514924736
31.096781489368645
31.156672812850598
31.23566045026498
31.248490212937966
31.35796402045686
31.401944932928576
31.477808329068548
31.52931231534801
31.59161472334547
31.610399359926785
31.61658172028802
31.656182180830488
31.74232633201969
31.766894683613327
31.83358465319822
31.86346808957516
31.899146005345894
31.974555226440334
32.04416136928755
32.05715732451135
32.113745411676774
32.16257311474968
32.23560517861015
32.339138592403245
32.43469131651949
32.44101694926038
32.46010821640291
32.550318172251664
32.5944566886619
32.70138550737961
32.760674892545296
32.7851906501841
32.82421258504006
32.90838804649377
32.93798899279681
32.95111645211621
32.986653962432854
33.04034700085145
33.134589035471556
33.23442744204695
33.240863890938336
33.304856163446196
33.38692834905208
33.40608775708492
33.51699497945582
33.5656186711087
33.64446416901397
33.70010038067316
33.76592593142263
33.79033910193023
33.80270825541789
33.84675137073128
33.93493635840134
33.96454828046386
34.03409823943059
34.040614380245245
34.07610113096671
34.117031158421774
34.19564323693247
34.268678471443394
34.28786885683069
34.34840532471359
34.40150169194826
34.477523152127645
34.58245050958232
34.67972446983537
34.69215957276446
34.71664750752443
34.808622253390396
34.856751744180926
34.86331774934244
34.97200114429908
35.035365733073284
35.06563282271253
35.10961699861987
35.19643199296733
35.23133489551422
35.25052039139939
35.290926528849354
35.348510176832626
35.44454377415245
35.545820950094516
35.55829189185942
35.6253650699134
35.709536925209036
35.716124228822686
35.74143170425514
35.85383842016997
35.907013392222424
35.98883546350026
36.04854384838785
36.11786597229391
36.14777891206626
36.16618130165071
36.214603888309526
36.304889832687195
36.33945856745199
36.411894241637434
36.424372172325896
36.464295123129766
36.47087638642306
36.51687239217355
36.59860535011751
36.67497810603124
36.7001348305773
36.76450566355453
36.821742464749775
36.900690880649
37.007031366528544
37.10603126218203
37.124363028224046
37.15407239507149
37.24782024655502
37.29983970093768
37.31229699776807
37.3188460749659
37.429215576600804
37.49647142743977
37.53222266834668
37.58094193402858
37.67028602780164
37.710247921644914
37.73521128188271
37.780265948290975
37.841569618656486
37.939329760207286
38.041998949024986
38.060228468908
38.1302549502628
38.21644857277773
38.22294047743506
38.23632777958432
38.267438694903134
38.38123214133446
38.43869246583301
38.52330333055087
38.58684072927916
38.65944443496285
38.69454136787177
38.718633905757336
38.771174912045076
38.86341402068658
38.90264830166353
38.97778128291178
38.99587807922626
39.00228895103887
39.04735543343849
39.06068701993057
39.11140112567972
39.19600263597341
39.275448019442116
39.306172982227736
39.3740848797887
39.435151679979654
39.51677542620127
39.62435120816486
39.724881633615226
39.74870415260587
39.783260798823065
39.87857797881392
39.884885050925476
39.94145469479162
39.96038027488582
39.97363184333261
40.085450402424804
40.156247350200466
40.1970500238315
40.25010615324437
40.341688406912276
40.38628879167401
40.41657045190349
40.46586737443593
40.530527988678585
40.62974798225354
40.73355587322849
40.75706892883137
40.76421923825742
40.83784843482198
40.926775516362
40.939923862042825
40.95955950574882
40.99596800549996
41.110859065048594
41.17216652404656
41.259198549684044
41.32614100207349
41.40162530915707
41.441405666241465
41.47065793042335
41.52686089715343
41.620700270632106
41.62770083465371
41.67209140372766
41.75052516259237
41.77471277074202
41.78773575509278
41.83741733230069
41.85688525808407
41.91179979205716
41.998839268526304
42.0809110038077
42.1166275674494
42.18759957321137
42.251995193760784
42.335844950437846
42.44427273526054
42.45110351063243
42.55374039562196
42.58344453648263
42.623284671247916
42.72078467124194
42.73366119081576
42.79422201810565
42.81895457015599
42.83822909534032
42.95107322250535
43.02487643402472
43.07011333177702
43.12691786784797
43.22024766279936
43.2688686852677
43.27551061335258
43.31142711174518
43.365348236673256
43.433803808067985
43.53502852025262
43.640548235301054
43.66972310555796
43.68328734254804
43.75993920276599
43.85105541680488
43.870111855072416
43.89525988726444
43.936269408066664
44.051763227430826
44.11627706099753
44.122712037380296
44.212558232631096
44.28325983792291
44.362015528112835
44.40679058616607
44.441500852595254
44.50174993793284
44.59768799434477
44.611062277672204
44.659888850738284
44.74098690563021
44.770480212746335
44.78929484357859
44.84286145166725
44.867649979213624
44.92603622343246
44.93321311051315
45.02302499046017
45.10805723919199
45.14899060189305
45.22335394462456
45.29140579301708
45.37787388228145
45.48762462784808
45.50079043982589
45.60490295470619
45.63965891209767
45.68397224083512
45.78298922316097
45.8015392617245
45.865313312555514
45.87224447337526
45.90288370187744
45.9282779432303
46.04250225597522
46.11957543841656
46.16944713102893
46.23024333535325
46.32567251608256
46.37856104641226
46.39150080109263
46.43218141943625
46.48989508975343
46.561343752651254
46.66384895593083
46.770358833024986
46.77702855680964
46.81190769120104
46.83189729244104
46.91175952267781
47.005301073410934
47.030322797645965
47.06106725111944
47.10681456644127
47.223255123584465
47.29119654051471
47.30389355484133
47.39576038129139
47.46936762074278
47.550552610096325
47.599380940218914
47.60577436957295
47.64593256426291
47.71029364922183
47.808499095130216
47.828207600171375
47.8815332078938
47.965452913100194
48.00028303816424
48.02490206939646
48.08246782367538
48.11262541945494
48.17463051452637
48.18791501601049
48.27962966018762
48.36672913422547
48.41185870210068
48.41892349276552
48.496714698435405
48.56845028765553
48.65762042200513
48.76884698806257
48.788254545858834
48.89399689871434
48.933784675855904
48.98258481393971
49.08328496274456
49.10747171354337
49.17455011015212
49.18755520755115
49.223009003980415
49.253404661797404
49.26015939865658
49.37584075628903
49.45616932048437
49.51059607109915
49.57533950985951
49.672921457056965
49.7300257243458
49.74911332785784
49.79448813777512
49.8559764232601
49.93044369530728
50.0343440686149
50.14197689082118
50.15468817334821
50.19412357514428
50.200555555864746
50.22673677969242
50.30973827024763
50.4056752144048
50.436457231399494
50.472613536703356
50.522959022170696
50.640398292714934
50.71169730711935
50.730446765316806
50.82433884770422
50.900814278438276
50.98441715752995
51.03720840260789
51.04961226658607
51.09401699042981
51.101074348180944
51.169373663161906
51.26976572869073
51.29552512580067
51.35315899234198
51.43979424828481
51.47973015292811
51.5098999991558
51.57130242144484
51.60659896803177
51.67208117649653
51.69120799796655
51.7847712476678
51.87387647028078
51.92303523428211
51.9297393904516
51.94363167943466
52.02465518922378
52.09986581682151
52.19157802141869
52.304181379466606
52.329492985413175
52.43675769275278
52.48129931721777
52.53433514393071
52.63660711251923
52.666121133775974
52.736310624863144
52.75505748971224
52.795056204225794
52.801396451450294
52.837478020066655
52.851042368891086
52.96802749881111
53.051366781468694
53.11003744147124
53.17844582750634
53.27798641890496
53.33900756450103
53.363845934792366
53.41358888873725
53.47857004114121
53.55581026306983
53.660939575331696
53.769540945959264
53.787891649218466
53.79481410539215
53.83945104406322
53.85267577117377
53.88460214251678
53.970446434050196
54.06851685522251
54.10462630432379
54.14577627386588
54.20033962642063
54.318574429161636
54.39290701233288
54.41724718686568
54.512901146427176
54.59193617725316
54.67766774834106
54.6841989419541
54.7415503268921
54.76047529382633
54.80974150638327
54.823466963415704
54.89531031409422
54.997578582283346
55.02888136807151
55.090399178113586
55.17940128936447
55.223970678123514
55.259192629273876
55.324014478586996
55.36396330597817
55.432514657009776
55.45695309558492
55.46404270240009
55.56009644591307
55.65185606591811
55.7056063761815
55.7189634372676
55.739086633417834
55.82292065685201
55.90116734604124
55.99502415092029
56.10865985989879
56.13929938025335
56.247723966817865
56.296489864708924
56.35325209081488
56.456714059350055
56.46338683368015
56.498621545025706
56.572439535753894
56.597327448706245
56.642343848822286
56.655322726246474
56.696492649585736
56.71620675187615
