22.09042356897553
22.09042356897553
22.100223931776437
22.100223931776437
22.100223931776515
22.108797828661327
22.108797828661327
22.121766126174787
22.121766126174794
22.127708743825867
22.139219999307493
22.139219999307493
22.139219999307574
22.152856757843647
22.15285675784365
22.163247439473857
22.163247439473857
22.1692764548154
22.17920057749545
22.17920057749554
22.179200577495546
22.179200577495546
22.18910952456748
22.203688463813954
22.21821343662867
22.22706839050757
22.22706839050757
22.227068390507576
22.22706839050767
22.23259857111919
22.2431407698095
22.2431407698095
22.254400768521403
22.25440076852141
22.264787001391767
22.264787001391877
22.264787001391877
22.277391464159013
22.284732977760434
22.28473297776044
22.295115504390242
22.295115504390242
22.295115504390367
22.310567042697638
22.324987160848146
22.324987160848153
22.324987160848153
22.336130865971878
22.34744290042723
22.353295704175483
22.353295704175615
22.353295704175615
22.353295704175622
22.360226168787243
22.371450334470033
22.38469049624888
22.38469049624888
22.38469049624903
22.384690496249036
22.396953914962896
22.406689199280127
22.406689199280127
22.41257225129478
22.425982557469617
22.42598255746978
22.42598255746979
22.42598255746979
22.438162748593786
22.448713245114124
22.462482831550734
22.47066493232413
22.470664932324137
22.470664932324144
22.480637595543957
22.480637595544135
22.496470721420156
22.496470721420156
22.49647072142017
22.509265481475826
22.521972666654985
22.5341902838524
22.5341902838524
22.5341902838526
22.54084522856417
22.540845228564176
22.54970795059476
22.54970795059476
22.558867822815035
22.558867822815262
22.55886782281527
22.568730249591543
22.568730249591543
22.582049869270147
22.592650087525012
22.59843900966337
22.59843900966361
22.59843900966361
22.598439009663625
22.612070288226644
22.625154883170264
22.637232366118948
22.637232366118948
22.637232366118962
22.649591180477803
22.649591180478073
22.65859886226185
22.65859886226185
22.663896469006133
22.663896469006147
22.678432641702926
22.692458271216125
22.692458271216125
22.70472626556348
22.70472626556377
22.704726265563792
22.71721393474262
22.71721393474262
22.73117062218292
22.73939451478672
22.73939451478705
22.739394514787072
22.739394514787072
22.751567905007974
22.762698678652235
22.773327075013697
22.78644145639513
22.78644145639513
22.786441456395156
22.786441456395522
22.798722656283843
22.80666380424274
22.80666380424274
22.81996544878116
22.81996544878119
22.834799352242825
22.83479935224323
22.83479935224323
22.84661690308821
22.85643526179914
22.85643526179917
22.865305937526053
22.86530593752606
22.87675976911165
22.8767597691121
22.891614576517604
22.891614576517636
22.891614576517636
22.9067492343554
22.92073107415517
22.931215303242837
22.93121530324333
22.931215303243334
22.931215303243366
22.940224213553268
22.950272923834234
22.962683890414315
22.96268389041432
22.974142571640844
22.97414257164088
22.974142571641426
22.98758495051504
22.98758495051504
23.000713320046017
23.009884936952606
23.00988493695265
23.022750482233125
23.02275048223313
23.02275048223373
23.03847068424619
23.054013094383123
23.05401309438317
23.054013094383173
23.066322053768484
23.078668630948894
23.07866863094956
23.09094305776386
23.090943057763862
23.090943057763916
23.098824988982162
23.107615647811823
23.120368798789162
23.120368798789166
23.1203687987899
23.120368798789958
23.1349191527585
23.148422143324833
23.148422143324836
23.159402490811008
23.170823400048146
23.17082340004821
23.170823400049024
23.170823400049024
23.182520734190273
23.196750051695457
23.21054868141606
23.21054868141613
23.21054868141613
23.219841727320727
23.234905391139375
23.241361169778028
23.25307744102685
23.263393612396232
23.263393612396232
23.26339361239631
23.272418767011885
23.28606960649974
23.286069606499744
23.29232499350095
23.304442104534242
23.304442104534324
23.318796587203817
23.318796587203824
23.329734146814562
23.336080478753015
23.346526923679402
23.346526923679495
23.3465269236795
23.3569573942816
23.37230364612
23.38759309118812
23.39691409527117
23.39691409527118
23.39691409527128
23.402735338020246
23.413832389273203
23.42568501949626
23.425685019496267
23.436617896201906
23.43661789620202
23.449885751746375
23.4576136608005
23.457613660800508
23.468542636200294
23.46854263620042
23.484807413365974
23.49998648510335
23.499986485103356
23.51171670102307
23.523624105712912
23.529784951763705
23.529784951763844
23.52978495176385
23.537080177670823
23.548895088915867
23.56283210131465
23.562832101314807
23.562832101314815
23.57574096311888
23.585988630821227
23.59218131715244
23.606297428915425
23.6062974289156
23.606297428915607
23.619118682730342
23.630224468541222
23.644718770053345
23.653331507709552
23.653331507709566
23.66382904794095
23.663829047941135
23.680495496231686
23.6804954962317
23.693963664711333
23.707339649110445
23.720200298791944
23.72020029879215
23.727205503751698
23.727205503751705
23.736534684836535
23.746176655594716
23.74617665559495
23.746176655594965
23.756558157464717
23.770578809757986
23.78173693423679
23.787830536487697
23.787830536487952
23.787830536487967
23.802179250764823
23.815952508600212
23.8286656485462
23.828665648546213
23.841674926818676
23.84167492681896
23.851156697117673
23.856733125269617
23.85673312526963
23.872034359687294
23.886798180227498
23.899711858487873
23.899711858488185
23.899711858488207
23.912856773413285
23.927548023350443
23.936204752407075
23.936204752407424
23.936204752407452
23.94901884737682
23.96073545121289
23.971923236856533
23.985727848836984
23.985727848837012
23.985727848837396
23.998655427667206
24.0070145307818
24.021016261874912
24.02101626187494
24.036630897097716
24.036630897098142
24.049070424303387
24.05940553873595
24.059405538735977
24.068743092132696
24.08079975695964
24.08079975696011
24.09643639633428
24.096436396334315
24.11236761511091
24.127085341215935
24.138121371834526
24.13812137183505
24.138121371835087
24.14760443531919
24.15818202508863
24.171246200436084
24.183307970148217
24.183307970148253
24.183307970148828
24.19745784264737
24.21127717899577
24.220931512581647
24.220931512581696
24.234474191824347
24.23447419182498
24.251021772890727
24.267382204613813
24.267382204613867
24.280339003966827
24.29333540099884
24.29333540099954
24.30625585027775
24.306255850277804
24.314552619981225
24.323805945065075
24.337230314514905
24.337230314515683
24.337230314515743
24.352546476587893
24.36676015086825
24.378318411380008
24.39034042110331
24.390340421103378
24.390340421104234
24.402653404410806
24.417631633363627
24.432156506753742
24.432156506753813
24.441938660337602
24.45779514856783
24.464590705029476
24.4769236221335
24.48778274989074
24.48778274989082
24.497282912644156
24.511652217368212
24.518236835264133
24.53099168898339
24.530991688983477
24.54610167074083
24.557614891383718
24.564295240792706
24.575291498609865
24.57529149860996
24.586270941349028
24.6024248906526
24.61851904335589
24.628330626601205
24.62833062660131
24.634458250547596
24.646139357129655
24.658615809996036
24.670124101265124
24.670124101265245
24.68409026499615
24.692224906105757
24.703729090737095
24.70372909073723
24.720849908806233
24.7368278790561
24.749175474761063
24.7617095849609
24.768194686066998
24.768194686067147
24.77587387123238
24.78831061991137
24.802981159278513
24.80298115927868
24.816569434861904
24.827356453495955
24.83387507068671
24.848734135700376
24.84873413570056
24.86223019234765
24.873920493201208
24.889177652687685
24.898243692325803
24.90929373467463
24.90929373467483
24.926837364454354
24.941014383906605
24.95509436748462
24.96863189346514
24.96863189346536
24.97600579342278
24.985825984038385
24.99597542694174
24.995975426941985
25.006903323646995
25.02166190500833
25.033407299196547
25.039821617355397
25.03982161735567
25.054925527120783
25.0694236932633
25.082805945838018
25.096499922966927
25.09649992296723
25.106480733807985
25.112350658178425
25.12845722072333
25.143998084449873
25.15759142998711
25.157591429987438
25.171428182540133
25.186892656158193
25.1960050025336
25.19600500253397
25.209493523554382
25.221826790750253
25.23360340721725
25.248134577722965
25.248134577723373
25.261742555438968
25.27054161134915
25.28528027565763
25.301716733786872
25.301716733787327
25.314810972950742
25.325690040774493
25.33551904434999
25.348210270483616
25.34821027048412
25.364669890878055
25.38143959485342
25.39693193812187
25.40854881245724
25.40854881245779
25.418530984546326
25.429665289566792
25.443417053090432
25.456113652787415
25.456113652788027
25.471008255418074
25.485554925258494
25.495717381664694
25.509972833499067
25.50997283349974
25.527391339884744
25.544612846961684
25.5582515831227
25.571932001051138
25.571932001051884
25.585532473976322
25.5942659157694
25.604006257962936
25.618137173173295
25.618137173174116
25.634259449039543
25.649221211439922
25.661387801452307
25.674042548529478
25.674042548530387
25.687003583589895
25.702770140382352
25.718059480793006
25.728356484565467
25.745047524807717
25.752200742135837
25.765182760140082
25.776613420937185
25.78661359225643
25.801739176176497
25.808670352909136
25.822096514718883
25.838001758673993
25.8501209382981
25.857152885044343
25.868727893273007
25.880285201419408
25.89728935858108
25.91423057195297
25.924558554316476
25.93100868478626
25.9433045864516
25.95643769473201
25.968551685541595
25.983252910521507
25.991815690636898
26.003925358669857
26.02194727242672
26.038766188479226
26.051763657642358
26.064957457852724
26.07178388006969
26.079867232875213
26.092958547274176
26.108401220292233
26.122704668274597
26.134059424731515
26.14092112703759
26.15656224810463
26.170768623522637
26.183074203368516
26.19913437124907
26.208677570868165
26.220309194393266
26.23877617310858
26.253699351479398
26.2685203868247
26.28277041417264
26.290532414127842
26.300869456881138
26.31155308098996
26.323056130153155
26.33859147895459
26.35095505178432
26.357706965635767
26.37360581802014
26.388867045538607
26.40295362719624
26.417368339963545
26.42787445663806
26.43405332439646
26.451007600759553
26.46736640468226
26.481675189458336
26.496240192145503
26.51251858542771
26.522110528980807
26.53630897216013
26.549291358682137
26.561687797068494
26.576983766022035
26.59130795309113
26.60057011720707
26.616084500689713
26.633386035562644
26.647169445208405
26.65862109554925
26.668967415102458
26.68232660050633
26.69965251671055
26.717304836684683
26.733612566441003
26.745840855215135
26.756348404782088
26.768068725856324
26.78254426640759
26.795909108193953
26.811587637278286
26.826899921320916
26.83759724385382
26.852602982626895
26.87093825250593
26.889066154692262
26.90342271907236
26.91782315899711
26.932139446286083
26.941332542910466
26.951585534693223
26.966460182283157
26.983430998983707
26.99918022256315
27.01198715941839
27.025307945815506
27.0369748310973
27.052258248326236
27.068340213024953
27.082480510063395
27.100050026107997
27.111424715590715
27.124371019791198
27.14380378131649
27.159725448600888
27.175403907958
27.191660315808527
27.207660910240996
27.218055668461147
27.22936648220894
27.24165451422748
27.254813970174023
27.270907035857803
27.28612694506206
27.30048530308078
27.309903859512392
27.32682010250036
27.343518371275366
27.358959609155633
27.37456971569566
27.38875487724681
27.40149761701831
27.411401004996026
27.428594045871787
27.446489385152145
27.462297856102982
27.47820862457848
27.495604251139117
27.509736113031344
27.52163185822595
27.53775834545689
27.552599557133707
27.566746585290527
27.583508857423382
27.59920685343964
27.612298327204424
27.626494294367955
27.644586939197378
27.660653526512196
27.676272491680106
27.689538823574598
27.70161583910051
27.71641403822593
27.734837810326614
27.753427068108483
27.770592597614225
27.786591246404665
27.800750507956128
27.813137693566873
27.82653783565638
27.842414459727426
27.85709314722125
27.873825273693004
27.890063118460503
27.905985944991567
27.91870931052138
27.93607723509574
27.955091467326728
27.974456635932146
27.990096327682544
28.005633189820678
28.02094379567981
28.03678307104703
28.048096785621745
28.060280254906196
28.076715324657997
28.09500095704022
28.1119834549591
28.12602634017416
28.14076890307582
28.156159277667765
28.169843277986423
28.186825977395138
28.204428452263446
28.220045660575373
28.23877810885829
28.252429590715373
28.26612515204814
28.28559498558549
28.30226316573846
28.31987334940664
28.337113785897948
28.3547627243654
28.37202624272153
28.385572320510157
28.39835834771786
28.41188166516251
28.426198521284206
28.441206552710554
28.458862975628513
28.47554950124799
28.491275294231194
28.504709132215346
28.520029850174076
28.537540641135152
28.55398984568108
28.571188301438085
28.588408823257993
28.60413541622293
28.61834960529307
28.631664518294542
28.6478745932039
28.666546224867258
28.683085761048627
28.70044603841703
28.717975879867677
28.736776289796094
28.752334193153704
28.76562397236644
28.78278726148222
28.79858196458564
28.81478379655846
28.83088668423297
28.84916371249813
28.866376027120726
28.88097040560275
28.896470418039574
28.915526745430387
28.93251089714789
28.948920497603396
28.96601878095714
28.981086055916524
28.994883852298173
29.011125240094177
29.03066748320074
29.050221592720856
29.06827591058408
29.085072539471117
29.102029582553268
29.117971060683825
29.13208967248782
29.147029283590303
29.16417832636002
29.180044185680284
29.197713751312055
29.21476477319486
29.231573952708377
29.249217443342413
29.26368230173622
29.282418421950975
29.302575537853507
29.322921118119314
29.33958064136095
29.355993694543418
29.372648540504713
29.389737734593204
29.407190286144687
29.420202741970947
29.433898714422956
29.45148901764329
29.470690725469364
29.48850588565323
29.505000080634975
29.52091292219344
29.537351860300546
29.55426567882659
29.569415954064304
29.58755555606256
29.606137556164043
29.62268521276396
29.64204205601207
29.659409150418643
29.674840491084343
29.69027991675355
29.710849767760433
29.728720341680773
29.747339688629697
29.765459682494015
29.78381769694902
29.80165754406733
29.819903072657436
29.835123907770754
29.849480780558334
29.86439419572294
29.879915617321
29.895945826343326
29.914342203600906
29.93166540053694
29.94972957470647
29.967051665184005
29.982054794495244
29.998706877684125
30.01729396640547
30.03472499997545
30.052718288449707
30.070581019899063
30.088457859708438
30.10581186280829
30.121587804073666
30.13636616805712
30.153749679767195
30.173324420057753
30.19072442291798
30.20875288574429
30.226789192918577
30.245877302481688
30.26570036652593
30.282642006208707
30.29728399559629
30.315458883190864
30.33218467121535
30.34914628040039
30.366631117012595
30.38448604865671
30.404107161671266
30.422653547808977
30.43856830172373
30.455196801989715
30.475055179054884
30.492794347882295
30.510074815704407
30.528174713773893
30.546788649844196
30.56333090663479
30.578522920836747
30.595890087173224
30.61624478042805
30.636460432108535
30.655098935949493
30.673227010742092
30.691588239962137
30.70996001922796
30.72722314401867
30.742608647925792
30.758626168386716
30.776592677446786
30.79344841499436
30.811343086052815
30.83032419255037
30.848820060870988
30.86694269629147
30.88571240661142
30.901314852170167
30.920825384391243
30.941534199072187
30.962268337702174
30.981025228062578
30.999184530483106
31.016966603503754
31.03483325131007
31.05296534988021
31.071293401353657
31.087704059918536
31.10271374795168
31.118234189568753
31.137313621746653
31.15778121967357
31.176786876126126
31.194390835110603
31.211293662726433
31.22854536656244
31.246095217641194
31.264388249263835
31.28118605713739
31.300681485160954
31.320452891861088
31.338145306117134
31.358358008552944
31.37652993197711
31.393522511651554
31.410763971570532
31.429494118719397
31.449714876143915
31.46884820464926
31.488546930519668
31.507623253433337
31.52677559175403
31.545283475192637
31.564022464251956
31.58290563105863
31.59970340466579
31.615537000467643
31.631753818035072
31.648400660641848
31.665381175889227
31.68445777540982
31.70236097314131
31.720992845223144
31.7405300998657
31.759219425072928
31.775560701327542
31.79332135370454
31.812771029661338
31.830971113477258
31.849551886158988
31.86792787758078
31.887312529099187
31.90656811072314
31.92518243311726
31.942150931985775
31.95802295920016
31.97621898795926
31.996343673368987
32.0144593409949
32.03344360954923
32.0528829324629
32.07218562819166
32.092341350661286
32.113046979500915
32.13086483220546
32.14765332769477
32.165027662900236
32.18395655012826
32.202198469396656
32.220520837752865
32.23919457957296
32.2580720982492
32.278477546594154
32.29770992510491
32.31529217947635
32.33294513897105
32.351397475848444
32.37225056144723
32.391207495198074
32.40958135034857
32.428584216213885
32.44792382668361
32.465233269640954
32.483522792545635
32.50038914899793
32.51917935417601
32.54066304307315
32.56186784412494
32.581425415274644
32.60034698953521
32.61933681355074
32.63818124863605
32.65736657840499
32.67609983260984
32.692905212329975
32.71016473693863
32.72912738347689
32.746884224080524
32.765475314300225
32.78494360921579
32.80384189085062
32.82378852453271
32.84323699701779
32.863154460246754
32.879915140272665
32.90023845971013
32.92154793423199
32.94272707473168
32.96187125184531
32.98157172037477
33.001098225035875
33.020121184396146
33.03907715672175
33.058135807911505
33.07722893899667
33.09446785669786
33.11265950612685
33.12937990438083
33.146443054295254
33.166742633221155
33.18821419785928
33.20814797545764
33.2265990165985
33.24423066838586
33.26224534511947
33.28113898950887
33.30017398993052
33.31977097720415
33.337801303924614
33.358245996726616
33.37880231020464
33.39723082569707
33.41789865449332
33.436694175486906
33.456364388890684
33.474770780127976
33.493267995482825
33.5130316727682
33.53406144852638
33.55390598446623
33.5741332546596
33.59361262896321
33.61319409865149
33.63369742251066
33.653443499805846
33.67326193085972
33.693067939928696
33.71074122904178
33.72784142245837
33.74551972544842
33.76342201305716
33.781590590870046
33.79993175245928
33.820117603806615
33.83903993540488
33.858503509939304
33.87867397948162
33.89788346668438
33.91683024784231
33.93475431008512
33.95388299480425
33.97447027951403
33.99372227847208
34.0131855453472
34.03230165854876
34.05222115154625
34.0718609350562
34.09158456508438
34.11157092248991
34.1298484043285
34.14693669143038
34.16608301683767
34.18690957412919
34.20567333235859
34.22510577845967
34.24481178263313
34.26531733723215
34.28585991051976
34.30706595050507
