40.88576348628214
40.88576348628214
40.90867150797583
40.90867150797584
40.90867150797591
40.93127986699127
40.93127986699127
40.94411042764644
40.94411042764644
40.94411042764737
40.97302610238352
40.97302610238352
40.9730261023836
41.00200259502774
41.00200259502774
41.03068215254457
41.03068215254457
41.052222559723354
41.05222255972438
41.05222255972446
41.05222255972447
41.05222255972447
41.07208371040025
41.10446494752083
41.12872685474547
41.128726854746624
41.128726854746624
41.128726854746624
41.12872685474672
41.152967610592825
41.17452839587958
41.17452839587958
41.19552839262327
41.19552839262327
41.211844685437164
41.21184468543728
41.21184468543728
41.23828632005228
41.23828632005353
41.23828632005354
41.265369934221
41.265369934221
41.26536993422112
41.291605184800986
41.318208918492076
41.31820891849208
41.31820891849208
41.33326553459514
41.33326553459652
41.35184134853912
41.351841348539246
41.351841348539246
41.35184134853925
41.38204296569184
41.413250414746514
41.41325041474807
41.41325041474807
41.41325041474822
41.41325041474823
41.44313270090536
41.473201602193726
41.473201602193726
41.49319323167925
41.51336364589346
41.51336364589363
41.51336364589364
41.51336364589364
41.51336364589535
41.52726630369285
41.5589820994311
41.582568344902946
41.582568344902946
41.58256834490296
41.60712450607628
41.60712450607645
41.60712450607836
41.60712450607836
41.60712450607836
41.62728008196705
41.65414515449074
41.68178003423311
41.68178003423311
41.681780034233306
41.708064927854714
41.70806492785473
41.73476649032522
41.73476649032522
41.73476649032728
41.734766490327495
41.73476649032751
41.75156203291149
41.75156203291149
41.77394547840385
41.803398620165744
41.80339862016806
41.803398620168316
41.803398620168316
41.80339862016833
41.83268924745254
41.86175595932507
41.88320585945625
41.88320585945625
41.88320585945626
41.90532960439939
41.90532960439966
41.90914304009016
41.90914304009016
41.93356363240288
41.9335636324029
41.959480296797885
41.98540875763697
41.98540875763697
42.01128086945086
42.01128086945115
42.01128086945117
42.01489456732147
42.01489456732147
42.04342546022948
42.07220835963485
42.07220835963519
42.072208359635205
42.072208359635205
42.09526113711488
42.11555359877958
42.125098604812116
42.1464863852515
42.14648638525151
42.14648638525153
42.14648638525189
42.178516392239324
42.2075435230965
42.2075435230965
42.22710170102457
42.2271017010246
42.24412687455074
42.244126874551135
42.244126874551135
42.2766548734271
42.29951736556688
42.299517365566906
42.32245603321679
42.32245603321679
42.342526520069434
42.34252652006989
42.350171969997724
42.35017196999775
42.35017196999775
42.376545903698144
42.40233888719277
42.42895151866139
42.42895151866189
42.42895151866189
42.428951518661925
42.4547342421034
42.46693595191851
42.48284659076982
42.48284659076982
42.51229632902883
42.51229632902887
42.51229632902941
42.542673355159614
42.542673355159614
42.57167856016824
42.6009887191863
42.60098871918634
42.61923279842762
42.61923279842762
42.61923279842822
42.62540811498962
42.64947876224623
42.649478762246275
42.649478762246275
42.68102357937972
42.70366742250821
42.70366742250888
42.71568006888883
42.71568006888883
42.71568006888888
42.74655619336165
42.772705197836544
42.797450153126064
42.797450153126064
42.7974501531268
42.79745015312686
42.82275019487279
42.837169084070794
42.837169084070794
42.85787626539684
42.886515298146485
42.88651529814655
42.886515298147366
42.886515298147366
42.9150743550673
42.94348712404292
42.96310191304142
42.96310191304149
42.96310191304149
42.981408358131524
43.01229848756005
43.01229848756093
43.03764577503387
43.06175948207986
43.06175948207987
43.06175948207994
43.08555775472769
43.09906360804893
43.09906360804893
43.099063608049896
43.12950116040373
43.12950116040381
43.16000273160818
43.16000273160818
43.190191739520635
43.2128658523404
43.21286585234147
43.212865852341565
43.21286585234157
43.23377232673713
43.26785783949564
43.293396689205785
43.29339668920701
43.29339668920701
43.29339668920711
43.318913274308265
43.341608837768014
43.36371409749821
43.36371409749821
43.380889142565344
43.38088914256546
43.408722442160204
43.40872244216152
43.408722442161526
43.437231509706216
43.43723150970634
43.464847562948314
43.49285149314946
43.492851493149466
43.50870056273164
43.50870056273309
43.52825405109371
43.52825405109385
43.52825405109386
43.56004522704394
43.59289517341729
43.59289517341893
43.59289517341909
43.592895173419095
43.62435021147923
43.65600168651962
43.6770455070307
43.69827752199303
43.698277521993205
43.69827752199321
43.69827752199502
43.71291189862403
43.74629694676954
43.77112457358202
43.771124573582036
43.79697316429079
43.79697316429098
43.79697316429297
43.796973164292986
43.81818955996528
43.84646858367444
43.87555793077165
43.87555793077186
43.90322623984704
43.903226239847044
43.931333147710724
43.93133314771289
43.931333147713126
43.93133314771314
43.94901266622259
43.972574187793526
44.003577494911326
44.003577494913756
44.00357749491401
44.003577494914026
44.034409734160576
44.06500627297376
44.08758511521711
44.087585115217124
44.11087326778883
44.11087326778912
44.114887410621265
44.14059329726625
44.14059329726627
44.16787399662941
44.195167113302126
44.22240091521148
44.22240091521179
44.222400915211814
44.22620480770678
44.256237326557304
44.28653511540507
44.28653511540542
44.28653511540544
44.31080119696299
44.33216168292593
44.342209057696934
44.36472251079111
44.36472251079113
44.36472251079152
44.398438307620296
44.428993182206796
44.449580737920655
44.449580737920684
44.467501973211256
44.46750197321168
44.501741972028476
44.52580775322824
44.52580775322827
44.54995371917553
44.57108054744147
44.57108054744194
44.57912838947123
44.579128389471265
44.6068904249454
44.6340409338871
44.662054230169865
44.66205423017038
44.66205423017042
44.68919393905619
44.702037844124725
44.71878588502083
44.749785609503995
44.74978560950404
44.74978560950462
44.781761426483776
44.8122932212297
44.843146020196066
44.84314602019611
44.8623503141343
44.862350314134936
44.868850647357455
44.89418817078542
44.894188170785476
44.92739324145226
44.951228865798036
44.95122886579873
44.963873756724986
44.96387375672504
44.9963749403806
45.02390020824891
45.04994752960629
45.049947529607074
45.04994752960713
45.07657915249758
45.091756930600745
45.11355396357558
45.14370031383837
45.14370031383844
45.1437003138393
45.17376247901817
45.20367065688724
45.22431780320146
45.22431780320153
45.243587745401605
45.276103671115855
45.27610367111678
45.30278502635145
45.328167875873554
45.32816787587364
45.35321868918701
45.36743537689362
45.36743537689464
45.39947490568816
45.399474905688244
45.431581822745464
45.46335972581121
45.48722721298985
45.48722721299099
45.48722721299109
45.509234028144355
45.54511351525857
45.57199651495346
45.57199651495474
45.571996514954854
45.59885607821922
45.62274614501896
45.646014839471796
45.664093834279456
45.664093834279576
45.69339204437931
45.69339204438069
45.72340158916458
45.723401589164716
45.7524711188931
45.78194894015746
45.798632171296596
45.798632171298124
45.8192147906251
45.819214790625246
45.85267918636218
45.887258077281494
45.887258077283214
45.887258077283384
45.92036864366248
45.95368598581025
45.97583737582192
45.998186865255946
45.99818686525613
45.998186865258035
46.013591472235746
46.0487336281784
46.07486797219154
46.102077015042866
46.102077015043065
46.10207701504516
46.12441006312127
46.154177456499326
46.18479782186482
46.18479782186504
46.213922357733644
46.24350857653752
46.2435085765398
46.24350857654005
46.26211859602368
46.28692019767733
46.31955525780132
46.31955525780389
46.31955525780416
46.35201024648474
46.384217129445986
46.407984331807405
46.43249817661973
46.43249817662003
46.43672359012756
46.46378241817491
46.49249894382033
46.52122854031793
46.549895700222514
46.54989570022284
46.55389979758587
46.58551297532327
46.61740538463671
46.61740538463708
46.64294862838187
46.66543335044822
46.6760095344176
46.69970790609579
46.69970790609619
46.73519821854744
46.76736124442797
46.78903235570582
46.807896813906325
46.80789681390678
46.84393891792446
46.869271319187376
46.894688125447644
46.91692689204338
46.916926892043875
46.92539830470629
46.95462149994227
46.98320098303881
47.012688663336455
47.01268866333701
47.041256777953606
47.05477667802575
47.0724061947585
47.105037483688164
47.10503748368877
47.13869623840368
47.17083496971518
47.203311600206106
47.22352664645683
47.22352664645751
47.23036910248123
47.25704017977387
47.29199288573891
47.31708301662921
47.31708301662995
47.33039342813129
47.36460520040029
47.39357916657747
47.42099739958525
47.42099739958607
47.449030686839194
47.465007295368835
47.487951540605565
47.519684540882196
47.519684540883105
47.55132892528193
47.5828112177757
47.60454505600119
47.624829205685394
47.659056495910924
47.65905649591191
47.687142133001046
47.71386092197169
47.74023019914377
47.75519513357168
47.75519513357277
47.78892095335542
47.82271770815251
47.856168132432245
47.88129180314672
47.881291803147924
47.90445687173023
47.94222475290311
47.970522647318795
47.970522647320145
47.99879587180897
48.02394331054555
48.0484366731275
48.0674671939777
48.09830741513533
48.09830741513681
48.12989640964617
48.16049591462343
48.1915252001649
48.20908649610083
48.209086496102465
48.230752411183495
48.26597809090659
48.30237692345326
48.30237692345509
48.33723015122258
48.37230103769395
48.395618290337815
48.419144068689455
48.41914406869147
48.43535944445747
48.47235118755501
48.49986102335834
48.5285021210966
48.52850212109883
48.55201059275792
48.583344691050634
48.615576654593276
48.64623406077079
48.67737744898542
48.67737744898785
48.696966943181174
48.72307389229036
48.75742658715775
48.75742658716048
48.79158973314007
48.82549171520457
48.85050982295347
48.87631387012436
48.8807616738166
48.90924465070858
48.93947257244064
48.96971425296446
48.9998902107588
49.00410505008845
49.037382079285756
49.070953036457844
49.0978406614524
49.12150878994321
49.132641615174315
49.157587269572325
49.19494549320539
49.228801309921785
49.25161300600366
49.27147033042542
49.30940938728619
49.336075072826155
49.362829605731754
49.386238833727326
49.39515611021414
49.42591736835714
49.456001034774616
49.48704069824588
49.51711239784236
49.53134387160258
49.549901257637124
49.58424998282631
49.61968025094733
49.65351049443319
49.68769642126582
49.70897541731929
49.71617800260749
49.74425282081038
49.781045142878924
49.807455806974055
49.821466766449234
49.857479158311435
49.88797807007697
49.91683936797999
49.946348091404424
49.96316557406731
49.98731741115869
50.02072056934471
50.05403044765938
50.08716970291609
50.11004742736409
50.13139916387378
50.167427890427064
50.19699171894206
50.22511675996391
50.25287389382948
50.26862645638519
50.304127319314446
50.33970285067993
50.37491382360609
50.40135979277945
50.42574407549772
50.46549973989036
50.49528699717017
50.52504828610594
50.55151927424987
50.577301761178404
50.59733388838935
50.62979727908174
50.66304885224968
50.69525885748908
50.72792126332237
50.74640683799195
50.76921306439324
50.806292727259866
50.844607287835494
50.88129489601202
50.91821161861368
50.94275609508113
50.96752007229359
50.98458888888965
51.023527565834684
51.05248528773316
51.0826338116684
51.10737957130982
51.140362832670846
51.174291215347566
51.2065621692189
51.23934468312929
51.259965203333095
51.28744620239575
51.3236069338354
51.35956814013004
51.39525443704037
51.42158928730269
51.44875144221974
51.48341542177915
51.515234286760624
51.54706763468079
51.578831800780435
51.610146375858754
51.63069884734766
51.66842033265515
51.70685135781475
51.74482870478933
51.77437007729495
51.80184173133827
51.843803164192046
51.87617963722414
51.90841450635867
51.93768714438478
51.9680681695307
51.9976984251869
52.02256332762372
52.05754587635244
52.093971130803745
52.12930309019382
52.164959189131075
52.18703979913477
52.21311564793138
52.25263997741087
52.29322424971655
52.332147758950065
52.37117179823772
52.40064839459975
52.42919444927136
52.45785225762406
52.485823106624046
52.52102610251405
52.553367066981345
52.586735386697235
52.61486533172582
52.65071328968052
52.6873496109962
52.722299961910004
52.75762294784625
52.78454830268982
52.811330696456984
52.84951111834054
52.887380683612726
52.92486573195095
52.95878323408527
52.98873146744822
53.019363491722466
53.057018276735214
53.09186438248066
53.12661655533065
53.16119341905311
53.195231666855406
53.22096521508444
53.25882842725536
53.29928104951174
53.3391832701735
53.37094987526942
53.40356821773116
53.443943349655875
53.479487854831355
53.51507224609542
53.55041810929725
53.58284399562067
53.616215115557985
53.6487633697138
53.676672979222644
53.71408084569813
53.75274380420422
53.790250659276545
53.82794595591965
53.85925416212261
53.88535920701444
53.921971244960936
53.96384970781485
54.004020525744046
54.044154775380235
54.08441224322501
54.11692476573498
54.14844362575735
54.17995707393143
54.21070437894144
54.24820671392537
54.28287260796733
54.318394953314346
54.34978966925425
54.386452018705135
54.424707973570364
54.46123438820085
54.4985006681996
54.53678330920664
54.56698237073127
54.59693790317599
54.63761193569884
54.677879092827425
54.71766743794433
54.75395110969799
54.78634646398641
54.81927187586563
54.858747311209775
54.895430822916616
54.93189931751515
54.96807336186662
55.00540432347794
55.04247067425787
55.07154179303474
55.11202843529012
55.15486544522064
55.197068062350205
55.23142836934704
55.26648236283789
55.30878782915844
55.346384685373984
55.38389785691418
55.42106076450322
55.455435054507355
55.49118134633063
55.52772364734134
55.563380420297754
55.59452480736675
55.63458497206943
55.67572798961314
55.71566128113976
55.755660196219054
55.78947598630316
55.818231366059166
55.85684893936654
55.90034809908181
55.94210138697454
55.983694209641385
56.02527622393849
56.062650054235576
56.09828044491762
56.13286130723114
56.167329583700294
56.200960658602625
56.240897700070086
56.27802683903885
56.31585432615428
56.34964326252413
56.38831710056784
56.428383441214116
56.46668319882232
56.505560186701786
56.54527492913613
56.5826287932045
56.61607054804766
56.65031226460698
56.692355845367885
56.73504038801184
56.77715889460724
56.81583482227576
56.85070170889966
56.8859549849881
56.92731156682764
56.96589452797109
57.0041498276301
57.04199987717844
57.08082132361051
57.11926153829425
57.15810518939473
57.191397389246646
57.234916869295006
57.27853132310575
57.32295479541869
57.35981510939169
57.39721945898039
57.44139571245577
57.48097973643115
57.52036312969258
57.559290535880706
57.595443387441115
57.632772115792875
57.67072734567503
57.709498419343554
57.74804284752423
57.782193608213404
57.82470553066048
57.86813538397086
57.910303239629044
57.952418674872064
57.988543347494186
58.01974177915423
58.060188360134305
58.105149404197675
58.14832669063091
58.19122419448697
58.23398190289407
58.27265528490054
58.312844743021174
58.3512712703048
58.388592155765544
58.42569554161808
58.461891063203005
58.50396272397301
58.54325031550271
58.58308271657443
58.618957787438596
58.65935069568561
58.700941523669094
58.7407269752886
58.78093148236275
58.82180032620544
58.86191146752051
58.90199078216963
58.938245267669906
58.97514943795348
59.0193531201105
59.06405144983386
59.10809574514344
59.1487512295296
59.18566767640419
59.22282863042199
59.26566302104241
59.30573560053385
59.34536783605822
59.38448379798388
59.42444757823356
59.46593795495328
59.50695812713287
59.54825157634118
59.58415917904207
59.62966872274949
59.675152481865176
59.72128673727445
59.76011583224162
59.79933948520257
59.8448720281589
59.88591536457586
59.926639316615045
59.966799072298656
60.0065924761094
60.04556586553163
60.08554862020878
60.126016881272534
60.167148544184066
60.20795123708674
60.24446425463038
60.288802622734444
60.33389318275932
60.377662885919015
60.42125868652143
60.459036988088194
60.49556018970238
60.53363182998053
60.57941256060223
60.62336349010071
60.66691108840967
60.71133550765054
60.75627494775875
60.79722096585491
60.83949191048992
60.87997066352549
60.9192795602764
60.95826021888437
60.996254648266124
61.03970547938899
61.08038331433894
61.12144836053226
61.160835244063925
61.19995135091807
61.24251939376723
61.28648300004534
61.32862056209429
61.37104328538196
61.413982154486135
61.45608417144523
61.49803682970533
61.53623466027766
61.574926306763224
61.62042693228019
61.66626971517858
61.711361179140376
61.75310103024987
61.79382634983181
61.83348047568179
61.873258314688435
61.91831537509852
61.96063616875952
62.00242405852068
62.04360485206726
62.08547234930362
62.128669273758106
62.171296520459684
62.2140582245917
62.251576018216994
62.29808607067008
62.34443978566866
62.39127734501753
62.43334110064974
62.474727453422375
62.51688538975759
62.56391088440773
62.607064357281686
62.64979820217768
62.6918777620579
62.73348887496664
62.77419841871584
62.815742132573945
62.85762015063666
62.89999924505378
62.941934405512185
62.98212345330654
63.02468501861457
63.070285589257274
63.11533716610911
63.16122062325362
63.20682516240061
63.24678731230059
63.28543926873861
63.32544228124723
63.37264682791575
63.417988791964696
63.462821121056884
63.508357732055906
63.55425265840156
63.5962205940636
63.63931165614749
63.682407697077714
63.72530286750895
63.766975454445365
63.80822297249227
63.84841827860646
63.89367979171847
63.93618747427122
63.978941384662846
64.01997724988514
64.06062988964928
64.1044336548385
64.14943273619093
64.19256432197196
64.23583174383576
64.27945209458633
64.32386270337975
64.36821671849283
64.4123160900976
64.45273357473718
64.4935033067273
64.54062258464741
64.58794579219696
64.63443196173219
64.67760861944288
64.71969376852576
64.76063132634965
64.80155417146224
64.84735772427798
64.89042492926632
64.93448720684293
64.97857178671863
65.02196738354431
65.06590106341116
65.11098134046533
65.15540196228751
65.19982972502564
65.23915301721141
65.28689400807698
65.33435930977167
65.38215484386043
65.42528356376131
65.46763473961968
65.51058256815598
65.5580158553538
65.60336920952453
65.64866934504747
65.69345708460958
65.73750743522275
65.78099484453497
65.82350571817929
65.8666868502909
65.91006118013811
