34.66040929965361
34.66040929965361
34.67210904641973
34.67210904641973
34.672109046419806
34.69316539723884
34.69316539723884
34.718011619629976
34.71801161962998
34.71801161963091
34.74229429539101
34.74229429539101
34.74229429539109
34.7574925365614
34.7574925365614
34.773047043418195
34.773047043418195
34.796019839577404
34.79601983957843
34.79601983957852
34.79601983957852
34.79601983957852
34.81412495847796
34.83539388845153
34.860348601368635
34.860348601369786
34.860348601369786
34.860348601369786
34.86034860136989
34.88150592351337
34.90189146171576
34.90189146171576
34.913902598665835
34.91390259866584
34.934865912891865
34.93486591289198
34.93486591289198
34.95784698915731
34.957846989158554
34.957846989158554
34.978542792584015
34.978542792584015
34.978542792584136
34.99941829492729
35.016081503612305
35.016081503612305
35.016081503612305
35.0331711519898
35.033171151991176
35.058686433898224
35.05868643389835
35.05868643389835
35.05868643389835
35.08185943937234
35.102531606163474
35.10253160616502
35.10253160616502
35.10253160616517
35.10253160616517
35.121680480564514
35.1332573121412
35.1332573121412
35.1521711059929
35.16911867856986
35.16911867857002
35.16911867857003
35.16911867857003
35.16911867857175
35.19167750818965
35.21261716811034
35.22880909970986
35.22880909970986
35.22880909970986
35.2442159778862
35.244215977886384
35.25097503112721
35.25097503112721
35.25097503112722
35.27194837439969
35.29866784311191
35.32113020865757
35.32113020865757
35.32113020865777
35.34060193523333
35.340601935233344
35.350087683961625
35.350087683961625
35.36794976144939
35.36794976144961
35.36794976144962
35.38272926108134
35.38272926108134
35.40845589309743
35.4333741258142
35.44747389920029
35.44747389920053
35.44747389920053
35.447473899200546
35.46308016877761
35.48068329388516
35.49852008701242
35.49852008701242
35.49852008701244
35.523297846164716
35.523297846164986
35.54240792536404
35.542407925364046
35.55156621161257
35.55156621161258
35.56890915616794
35.5951276639222
35.5951276639222
35.61854238085727
35.61854238085757
35.61854238085759
35.631338128904744
35.631338128904744
35.64557280988178
35.668254011388065
35.6682540113884
35.66825401138842
35.66825401138842
35.683942511601224
35.705900495664736
35.730735085430325
35.74946186337567
35.74946186337567
35.74946186337569
35.74946186337606
35.75827620993488
35.778584569182534
35.778584569182534
35.80049876483705
35.80049876483707
35.819988058799744
35.81998805880015
35.81998805880015
35.839785462975826
35.8531555061543
35.85315550615433
35.870852089561424
35.87085208956143
35.89612810968953
35.89612810968997
35.918924915147095
35.91892491514713
35.91892491514713
35.93622468788357
35.943820781298676
35.96247901076742
35.96247901076791
35.96247901076791
35.96247901076794
35.97764839872306
35.99914158454379
36.01894875575641
36.01894875575641
36.030991647502525
36.03099164750257
36.03099164750311
36.04750322833241
36.04750322833242
36.07080933162488
36.0895040389629
36.08950403896294
36.10735026726346
36.10735026726346
36.10735026726407
36.124233411304324
36.13980083668737
36.139800836687414
36.139800836687414
36.168076120042414
36.192197856836714
36.19219785683738
36.213367504615505
36.213367504615505
36.21336750461556
36.2355035806074
36.24817551282598
36.26870788880554
36.26870788880554
36.26870788880626
36.26870788880633
36.28737095909145
36.31401790883561
36.31401790883561
36.34095278525662
36.357506583003314
36.357506583003385
36.357506583004195
36.357506583004195
36.37538635774604
36.39505628617937
36.41483966336686
36.414839663366934
36.414839663366934
36.441106733987354
36.46277538099618
36.46277538099706
36.48464136805656
36.496956890968264
36.496956890968264
36.49695689096835
36.51912147077786
36.54527538908431
36.545275389084324
36.54527538908529
36.57083610041171
36.570836100411796
36.58683424901213
36.58683424901213
36.60320741412454
36.62738930481845
36.627389304819516
36.627389304819616
36.627389304819616
36.64644732471376
36.66883567205436
36.69510379091447
36.695103790915695
36.695103790915695
36.695103790915795
36.71737465632998
36.73883311759566
36.75147641964837
36.751476419648384
36.773543066202095
36.77354306620221
36.79773367279729
36.797733672798614
36.797733672798614
36.819518729035934
36.81951872903606
36.841492942028864
36.8590331616973
36.8590331616973
36.87702226525255
36.877022265254
36.90388045673511
36.90388045673525
36.90388045673525
36.928273094076275
36.950033269645886
36.950033269647534
36.95003326964769
36.95003326964769
36.97018997954173
36.982376118043504
37.002285374729496
37.02012492481052
37.02012492481069
37.0201249248107
37.02012492481249
37.04387106125239
37.065912808537334
37.08295694706315
37.08295694706315
37.09917471356455
37.09917471356475
37.10628950644963
37.10628950644964
37.128366709894344
37.15649246643353
37.18013706174475
37.18013706174496
37.20063361603503
37.20063361603504
37.210618614696386
37.22942080152561
37.22942080152585
37.22942080152586
37.24497816955924
37.27205883483934
37.29828855348857
37.31313042021077
37.313130420211024
37.31313042021104
37.32955807239742
37.34808767777379
37.3668632494867
37.36686324948671
37.392945101225955
37.39294510122624
37.41306097406735
37.422701275381584
37.422701275381606
37.44095700649251
37.46855543570752
37.493202506165495
37.4932025061658
37.49320250616582
37.50667171463652
37.52165558934918
37.54553053830317
37.54553053830352
37.54553053830354
37.56204474905386
37.585158416489136
37.6113000899266
37.631012487763805
37.631012487763826
37.63101248776422
37.64029074729981
37.661667967560504
37.68473554193368
37.684735541933705
37.7052505882102
37.705250588210625
37.72608996102712
37.740163690688675
37.74016369068871
37.75879167322249
37.78539801019944
37.785398010199906
37.80939464752319
37.80939464752323
37.82760493461422
37.83560082241959
37.855241063965636
37.855241063966155
37.85524106396619
37.87120884076105
37.893833246888136
37.91468290079616
37.92735962894996
37.92735962895
37.927359628950576
37.944740240349844
37.969272980657706
37.98895161996088
37.98895161996092
38.007737123435156
38.00773712343579
38.025508854004485
38.04189561756559
38.04189561756564
38.07165907372878
38.09705037561753
38.097050375618224
38.11933421538467
38.119334215384725
38.14263534800773
38.155974224027275
38.17758725137418
38.17758725137496
38.177587251375016
38.19723258851724
38.22528200930056
38.253634510796374
38.27105956105605
38.27105956105612
38.27105956105697
38.2898803765747
38.31058556439926
38.33141017196505
38.33141017196512
38.35905971998662
38.38186882210117
38.38186882210209
38.40488565058578
38.417849358913884
38.41784935891397
38.44118049555556
38.46871093587815
38.46871093587917
38.49561694780172
38.49561694780181
38.5124571042232
38.52969201486785
38.5551466366509
38.55514663665204
38.55514663665214
38.57520771022493
38.598774391636084
38.62642504306778
38.62642504306906
38.626425043069176
38.64986805929463
38.6724559132585
38.68576465226137
38.708992701265274
38.70899270126539
38.734456497681265
38.73445649768266
38.7573881358272
38.75738813582734
38.78051888634606
38.798982275470735
38.817918173949934
38.81791817395147
38.8461899544579
38.84618995445804
38.87186641481702
38.894771862785035
38.894771862786754
38.894771862786925
38.91598945214906
38.92881696636145
38.949774078662514
38.968552552432
38.968552552432186
38.968552552434076
38.993548485528706
39.01675032477603
39.03469152322424
39.05176285638362
39.05176285638382
39.059252112052306
39.082491273573055
39.11209733308797
39.13698638078401
39.13698638078422
39.15856170108957
39.169072225996246
39.18886400160595
39.188864001606206
39.20524017848345
39.23374614193618
39.26135637209326
39.27697938969558
39.27697938969585
39.2942716551552
39.31377650291981
39.3335402626176
39.36099484339576
39.36099484339606
39.3821694463867
39.39231713198063
39.41153369104475
39.440584669165816
39.46652895385843
39.466528953858756
39.48070706803843
39.496479567735975
39.52161109295071
39.521611092951076
39.53899447268826
39.56332464893592
39.59084219992272
39.611592092382935
39.61159209238335
39.62135868136819
39.643861018484714
39.668142675719636
39.68973746127385
39.68973746127429
39.7116736431864
39.72648809546173
39.74609649812888
39.77410316863093
39.77410316863143
39.79936278686647
39.81853151012015
39.82694823412581
39.84762217259532
39.84762217259588
39.86443035869574
39.88824552304004
39.910192527153754
39.92353645152619
39.923536451526786
39.94183183194707
39.96765576911325
39.98837012627449
40.0081443404579
40.00814434045857
40.026851425267736
40.0441006500687
40.07543060392466
40.10215829012334
40.10215829012408
40.12561496356245
40.150142471586655
40.16418339371251
40.18693394881452
40.18693394881534
40.20761325107033
40.237138957158045
40.26698369557469
40.28532585374278
40.285325853743686
40.30513723849919
40.326932173051375
40.34885281259431
40.37795759998537
40.4019671811586
40.40196718115958
40.42619542166872
40.43984143043516
40.46440052163686
40.493379932502755
40.49337993250385
40.52170205031707
40.53942853076065
40.55757054196556
40.584364880684575
40.584364880685776
40.60548180023609
40.63028883330047
40.65939478217596
40.65939478217731
40.684071641362024
40.707848329745055
40.721857528695445
40.746308106594306
40.773112102821564
40.773112102823035
40.79725066929099
40.821598827731776
40.841033974178806
40.86096649889379
40.86096649889541
40.89072626784955
40.917754120859016
40.9418651187201
40.941865118721935
40.96419942331368
40.977702069853066
40.99976218806472
41.01952900255894
41.019529002560965
41.04584051108164
41.070263499763044
41.08914897181383
41.10711879619213
41.11500222321163
41.13946449849665
41.17062877167028
41.19682776924506
41.219538632724394
41.23060234315251
41.25143579116276
41.26867387208621
41.2986801494049
41.327743549570286
41.34418883125696
41.362391215951035
41.382922634650654
41.403726592227315
41.43262615094119
41.454915206720855
41.4655969810303
41.485824937939924
41.5164049149095
41.54371468827017
41.55863901898567
41.575241650246284
41.60169588731445
41.619994181774686
41.645604893614376
41.674570736758426
41.696412728821855
41.706693348805956
41.73038001945497
41.755939658649666
41.778671011864674
41.80176172966695
41.817355889956815
41.837996313817015
41.8674770196087
41.89406609143512
41.91424369486012
41.92310340433981
41.94486544483411
41.9625582723077
41.987626866354404
42.010728975947856
42.02477521212943
42.04403350730874
42.071216599062694
42.09302118554828
42.11383614784667
42.13352781606693
42.15168489480506
42.184663793600876
42.212798200125874
42.23748943532425
42.26330786482352
42.27808778285082
42.302035735589854
42.32380342217414
42.35488311279289
42.386298626915774
42.40560616182965
42.42646025104608
42.449402287416916
42.472476644830635
42.50311326313711
42.528386506477446
42.553889917539834
42.56825413729409
42.59410581224337
42.62461045526021
42.65442321085321
42.673082663951845
42.69217951785188
42.72038408492466
42.74261242129356
42.768725087677254
42.79936292859897
42.82533856984621
42.85036666288113
42.86511318809224
42.89085063851225
42.9190653713832
42.94447438871808
42.97010402918224
42.990562078074035
43.01154368303733
43.04286975562084
43.071320127209944
43.09670012495866
43.120209919265974
43.134423231412924
43.157644408478035
43.17845158163006
43.20614790638892
43.23185631552748
43.2517357597917
43.27065136440066
43.29986569970262
43.32384281875859
43.34860782327614
43.37278708093116
43.39578810485929
43.42263758379401
43.452614344100546
43.48329135270361
43.51057864676198
43.538816128928936
43.559282586939275
43.58265774994922
43.60667324754051
43.63940655483983
43.67232827366235
43.699005699732254
43.7215959448429
43.74554163122015
43.77135517692369
43.797176813205155
43.83006304054023
43.857732544423314
43.885497212320494
43.90774744896764
43.93039668317317
43.96252999722406
43.993874443309906
44.0211761159761
44.04310609521756
44.06533702977993
44.09610379659759
44.121074710088095
44.14961534530183
44.18233252854703
44.21049626038125
44.23763344823536
44.261692692997244
44.28242697388732
44.312200113276226
44.340109975130254
44.3684087006402
44.39680167183749
44.42016435047437
44.44390517316031
44.47735203318644
44.507943779031805
44.53549346189813
44.56113921624114
44.5857602452712
44.60371774782764
44.630122348714956
44.6547126045806
44.68455094539544
44.71297588820103
44.73574526784783
44.7574789850966
44.78887449425619
44.815170639253516
44.84208924166441
44.86832330759272
44.89349113939417
44.92181633602411
44.953161365021984
44.9850352083064
45.015460511772176
45.04534377297786
45.07601091960666
45.09917481747421
45.124979207124014
45.15126711524091
45.18571010290279
45.22020318308451
45.24863320996509
45.275625031378084
45.301352481549756
45.328253947268635
45.35681429065272
45.386531532337244
45.42030710094997
45.450272021473154
45.480203813617436
45.50477132573765
45.52959025987195
45.563289370089194
45.596107263533455
45.62495061972756
45.65379193826128
45.67874066311251
45.70402744278128
45.73696818785881
45.76445106033344
45.79520292817054
45.829798245579255
45.859941462431664
45.8889810706316
45.914966151774735
45.94168633250192
45.968805905112674
45.9981685189086
46.028761466286184
46.05960690016619
46.09042295118691
46.11633930459767
46.14249195092569
46.177740344023206
46.210149324989985
46.2395392077011
46.26698911571094
46.29419799787185
46.32186028611493
46.343078570098626
46.37220599177502
46.399492206448755
46.431644527413965
46.462332529269446
46.48752411740098
46.5116061389852
46.544739096580656
46.572897792757544
46.6015158391198
46.62934945326283
46.65836083490683
46.68639514202604
46.71785296505962
46.75098094264678
46.78503131939756
46.81758333949092
46.84949612463642
46.88202723403636
46.90730179732168
46.93495425467438
46.96293334805624
46.99852490746393
47.03402702300477
47.06486603174653
47.09584990770553
47.12534867271681
47.1535254490108
47.182694661762014
47.21331486598591
47.24490709586168
47.28022560205554
47.311792731014435
47.3431949788005
47.37178623272628
47.39930132499718
47.430205164443024
47.46379370241867
47.49789790098042
47.52900139058053
47.559979449803194
47.587133973630316
47.614481979610105
47.648971462862534
47.678144036263035
47.7102880626654
47.745947091557184
47.77723814844079
47.80899032625233
47.84048997962526
47.868967851001
47.89802204119627
47.92733156083692
47.95864578738848
47.99100053722505
48.02346472249495
48.05576841279024
48.08387545111499
48.112727462182164
48.14698791582185
48.18025260503504
48.21384638851269
48.24552820688996
48.275244455212786
48.30460705578105
48.33427361721267
48.35887779735809
48.388487969814605
48.41740410450964
48.45080763821464
48.48268245670617
48.51390198406526
48.54180598558641
48.568536866227944
48.60374505898585
48.634104558511
48.66477520489508
48.694573291020916
48.72536077015532
48.755088383565266
48.787934511339316
48.82223125768658
48.85726603119783
48.89073686917461
48.923755742426856
48.95789787713375
48.99250582064579
49.020096367015505
49.04982013189161
49.079726294419494
49.11673424444255
49.15352499625996
49.185751376447804
49.217978744690036
49.24865638447727
49.28066531824561
49.31135133339638
49.342860125022206
49.375625254128174
49.409189613011634
49.446167625920225
49.47945338460664
49.512451899722876
49.54264718065213
49.57168511177503
49.60380512794932
49.638336132479516
49.673215267279225
49.70701195775091
49.74033237102243
49.77341103263364
49.80273264179928
49.832111240175664
49.8681452743341
49.89899710417942
49.93253847883246
49.96928355175085
50.001741255967794
50.03449696629616
50.067243763423534
50.10103656228255
50.131837690864096
50.16306325777778
50.194406211486395
50.22752632467108
50.26150546290759
50.29545690892496
50.3291220214545
50.35866422068994
50.38897954002903
50.42388476895498
50.457904842974706
50.49242765758114
50.52806493540921
50.56176232657686
50.5934667843642
50.62470748838171
50.65610699588427
50.68272984062235
50.713644497016865
50.743927955532975
50.77833556144151
50.811149717480355
50.844584201066844
50.878064786326085
50.90827377041953
50.937244330906694
50.97414224697087
51.00630565652651
51.03863422601135
51.07000122758999
51.10217328661414
51.13320135313213
51.16705261047173
51.202140256604864
51.2377850057581
51.27298362303924
51.308459053617426
51.3433807361305
51.37924299336909
51.41541907811718
51.44479775259383
51.4760698848156
51.507379953640864
51.545299113877036
51.58287203964446
51.615966603129266
51.650039943803606
51.68443563136023
51.717236414697965
51.75117713891986
51.78373415029391
51.816943681998595
51.851215414612724
51.88611286843121
51.92411749432081
51.95847640275488
51.992422052923374
52.02537046524289
52.057936803017526
52.08928272392234
52.12343358162177
52.159749698860594
52.19626919924288
52.23163085001583
52.26640829756643
52.30082210347027
52.33153046921403
52.362154446772934
52.398960248237444
52.43219296351215
52.46536447607285
52.501893495093825
52.53949515477653
52.573821990594226
52.608304207041755
52.6426480343967
52.6778534196889
52.710082326761594
52.74257778566803
52.77504579918498
52.80906082822791
52.84374829739019
52.87869126960092
52.91466810484073
52.950249161732984
52.98178753639401
53.013932281136164
53.050307140337495
53.08570857103891
53.12145281638864
53.15811872964629
53.1928023697389
53.22545100841579
53.25921842562667
53.29272486927499
53.32626021350316
53.355133630526765
53.38795800948779
53.42005430316142
53.455937874903725
53.490174766327684
53.52486579882698
53.55946316470023
53.59081272738668
53.623407806813375
53.65826108682454
53.69372661294189
53.72797137287145
53.762248616036814
53.795485781176865
53.829358965690645
53.86201434868764
53.89721850428107
53.93346169404802
53.97009629374821
54.00616690143404
54.0423579604136
54.07787805725749
54.1141443932476
54.151331401430625
54.18924803193512
54.220580219778356
54.25358208460514
54.28648864934419
54.32554025219139
54.364127047960594
54.39832120307926
54.433304661553606
54.46845144998932
54.50293854024528
54.53788160513017
54.573784755221226
54.608248361283046
54.643204659188726
54.67904063246364
54.7153393850855
54.7544560279204
54.78997302145271
54.82495888061108
54.85885647685022
54.892247840952635
54.92695348022738
54.960500903170214
54.99658988741922
55.03461057406517
55.072696987315254
55.10955373520795
55.145723533426974
55.18141363966242
55.21344704223546
55.24526141030971
