30.97344022978614
30.97344022978614
30.99574357050359
30.99574357050359
30.995743570503667
31.01640276791874
31.01640276791874
31.03539251784747
31.035392517847473
31.0353925178484
31.054926544973053
31.054926544973053
31.05492654497313
31.066566061562693
31.0665660615627
31.08340929856267
31.08340929856267
31.098964542058788
31.09896454205981
31.0989645420599
31.098964542059907
31.098964542059907
31.11878295454898
31.137295688394993
31.153114557895325
31.153114557896476
31.153114557896476
31.153114557896483
31.15311455789658
31.16926325097353
31.18444933788053
31.18444933788053
31.20313701578349
31.203137015783497
31.22202542676007
31.22202542676018
31.22202542676018
31.24129385595842
31.24129385595967
31.241293855959675
31.25320244773345
31.25320244773345
31.253202447733575
31.266812877327062
31.285377327410966
31.285377327410973
31.285377327410973
31.306744944427358
31.306744944428736
31.328082620074426
31.328082620074557
31.328082620074557
31.328082620074564
31.34954101700646
31.366945842040277
31.366945842041833
31.366945842041833
31.366945842041982
31.36694584204199
31.383586927238095
31.393487762654395
31.393487762654395
31.40654736997995
31.427163490226768
31.42716349022693
31.42716349022694
31.427163490226942
31.42783659876252
31.449552242299102
31.470164440938404
31.484444328051858
31.484444328051858
31.484444328051858
31.499659897642022
31.4996598976422
31.508689620021602
31.508689620021602
31.508689620021617
31.5288011122325
31.54529504279796
31.560670345655865
31.560670345655865
31.560670345656064
31.577028212263386
31.577028212263397
31.593908486434934
31.593908486434934
31.614419991205637
31.614419991205857
31.61441999120587
31.631511877223684
31.631511877223684
31.64970220848664
31.663135810436728
31.678090651433635
31.67809065143388
31.67809065143388
31.678090651433894
31.701945227980374
31.72412605390648
31.744607480581248
31.744607480581248
31.744607480581266
31.762870318192224
31.762870318192494
31.772495376247203
31.772495376247203
31.787997645557102
31.78799764555712
31.802185818268946
31.821212504773904
31.821212504773904
31.838908984864016
31.83890898486431
31.83890898486433
31.85306091585163
31.85306091585163
31.863248228920742
31.88342485781559
31.88342485781592
31.883424857815942
31.883424857815942
31.900929260989315
31.91896372397231
31.928370276646945
31.940942303993204
31.940942303993204
31.94094230399323
31.940942303993594
31.958534059250038
31.979347751175872
31.979347751175876
32.000245965914374
32.0002459659144
32.02139741677599
32.021397416776395
32.0213974167764
32.03626090606497
32.04290923845115
32.04290923845118
32.05487268773532
32.05487268773532
32.073552252322294
32.07355225232274
32.09613464996886
32.09613464996889
32.09613464996889
32.115948670583236
32.12687768570665
32.14292835421361
32.1429283542141
32.1429283542141
32.142928354214135
32.16589294967985
32.18531104952039
32.19992216278275
32.19992216278275
32.20655865678827
32.2065586567883
32.20655865678885
32.22309902303033
32.223099023030336
32.23604360998249
32.255268535891624
32.255268535891666
32.27481507178179
32.274815071781795
32.2748150717824
32.28549160811418
32.30245591595471
32.30245591595476
32.30245591595476
32.32506626763861
32.34155409848371
32.34155409848438
32.358822373005566
32.35882237300557
32.35882237300562
32.37412017159885
32.391801566386924
32.409949054718666
32.409949054718666
32.4099490547194
32.40994905471946
32.428197880758695
32.44618156053965
32.44618156053966
32.46499721745121
32.484363495427004
32.48436349542707
32.48436349542788
32.48436349542788
32.50675997453838
32.5259589096613
32.54609343027525
32.54609343027532
32.54609343027532
32.561599475306586
32.578439460401434
32.578439460402315
32.6036212945117
32.62709849526691
32.62709849526691
32.627098495266985
32.648845018861806
32.6688342293131
32.668834229313106
32.66883422931408
32.689396363129504
32.68939636312958
32.701648485855436
32.70164848585544
32.71937820901331
32.735752149535536
32.735752149536616
32.73575214953671
32.735752149536715
32.75661363636732
32.776100724626275
32.792752166205574
32.79275216620679
32.792752166206796
32.792752166206895
32.80975079049842
32.82573614513736
32.845407385035216
32.84540738503522
32.8652899229053
32.86528992290541
32.885572479956195
32.88557247995751
32.88557247995752
32.89810783971939
32.898107839719515
32.91243460771266
32.931976134116766
32.93197613411677
32.95446836255507
32.954468362556526
32.97692907376251
32.97692907376265
32.97692907376266
32.99951686000676
33.01783772846341
33.01783772846505
33.0178377284652
33.01783772846521
33.03535466025058
33.04577659226774
33.059523547347275
33.08122472655446
33.08122472655463
33.081224726554645
33.08193326185533
33.10479183399902
33.12648888519828
33.14152034531771
33.141520345317716
33.15753673435998
33.15753673436017
33.16704170528586
33.16704170528587
33.18821169708688
33.205573729261054
33.22175825858508
33.22175825858529
33.23897706554037
33.23897706554038
33.25674577519471
33.278336832848076
33.27833683284832
33.27833683284833
33.296328291814454
33.31547600893335
33.32961664256502
33.34535858045651
33.34535858045677
33.34535858045678
33.37046866103203
33.393816898848975
33.41537629534873
33.41537629534876
33.434600334939226
33.43460033493951
33.444731974997104
33.461050153218046
33.46105015321806
33.47598507186209
33.496013162919944
33.51464103669901
33.514641036699324
33.51464103669934
33.52953780615966
33.54026129360083
33.56149985033225
33.5614998503326
33.561499850332616
33.57992553788353
33.59890918312879
33.60881081752314
33.62204453051921
33.62204453051924
33.622044530519624
33.640562167631664
33.66247131702729
33.68446943780467
33.6844694378047
33.70673412292219
33.70673412292262
33.722379901121094
33.729378145738146
33.729378145738174
33.74197125024779
33.76163394981301
33.76163394981348
33.785404894704136
33.785404894704165
33.80626175850873
33.81776598495443
33.83466142548807
33.834661425488584
33.834661425488626
33.85883468387359
33.87927478896891
33.89465490819244
33.90164069135614
33.901640691356185
33.901640691356754
33.91905160318989
33.93267748419216
33.952914248307046
33.95291424830709
33.97348954924406
33.9734895492447
33.9847280085413
34.00258517468924
34.002585174689294
34.02638554488282
34.043741156298715
34.04374115629941
34.06191828737436
34.061918287374404
34.078021233262
34.0966332277757
34.11573584707227
34.11573584707305
34.115735847073104
34.13494513764072
34.1538753268839
34.17368128152766
34.19406683729156
34.19406683729162
34.19406683729248
34.21764207846143
34.23785148385398
34.25904571607918
34.25904571607925
34.27536786874374
34.29309416884359
34.29309416884451
34.31960136264386
34.34431420554409
34.344314205544165
34.367205283012396
34.38824655717165
34.38824655717268
34.40989090855733
34.40989090855742
34.422787879847796
34.441450746329764
34.45868647319527
34.4586864731964
34.4586864731965
34.48064593301819
34.50115865750131
34.518686490742674
34.518686490743946
34.51868649074406
34.53657977947198
34.553406468565605
34.57411303687914
34.5950420241108
34.595042024110924
34.616392084164374
34.61639208416576
34.629587199704574
34.62958719970471
34.64466800811854
34.665238035912346
34.68891406584739
34.68891406584893
34.712556919749964
34.712556919750114
34.736333536849166
34.75561866154038
34.7556186615421
34.755618661542265
34.77405753710582
34.78502799186072
34.799498470891805
34.82234181742569
34.822341817425865
34.82308764405815
34.84714929894627
34.869988300208654
34.885810889808056
34.90267024669465
34.902670246694846
34.91267547924821
34.93495968114398
34.95323550448521
34.970271851142115
34.970271851142336
34.98839691109505
35.00710081599433
35.02982824510313
35.02982824510338
35.048766622962454
35.068922114666556
35.08380699217358
35.10037745311199
35.10037745311226
35.12680911687568
35.15138620931458
35.17408031089327
35.194316142041146
35.19431614204145
35.204981026312595
35.222158056018856
35.237879023012574
35.258961224126104
35.2785695123146
35.278569512314924
35.29425032227316
35.305538203790185
35.32789457929694
35.32789457929731
35.34729003987722
35.367272824345925
35.37769559739261
35.39162582159899
35.391625821599405
35.41111807119104
35.434180333712746
35.45733625032052
35.48077276097052
35.48077276097097
35.4972420011799
35.504608574460995
35.51786447394481
35.538562052434514
35.53856205243501
35.56358409968833
35.58553869316683
35.59764840521493
35.61543307946088
35.61543307946143
35.64087861460351
35.662394514703834
35.678584113886515
35.68593756984831
35.685937569848925
35.70426484546275
35.718607878096726
35.73990973505976
35.76156794657237
35.761567946573045
35.77339790372738
35.792194920725215
35.81724794198156
35.83551700662988
35.835517006630624
35.854650828814776
35.87160129817015
35.89119287134256
35.91130089165474
35.911300891655564
35.931521197516226
35.95144771250896
35.97229608581818
35.99375456556975
35.99375456557066
36.01857060890641
36.03984366721436
36.06215338534617
36.079334598677214
36.09799386194022
36.0979938619412
36.125896171203685
36.15190969004603
36.17600556106523
36.19815427070656
36.198154270707654
36.22093779848098
36.23451355773401
36.25415868034663
36.27230155073138
36.27230155073257
36.29541677159752
36.31700911315871
36.33545946393911
36.335459463940474
36.35429450470671
36.37200680901581
36.39380319671428
36.41583370958973
36.438307457014425
36.4383074570159
36.452197052319924
36.468071587492396
36.489724248327995
36.51464638510175
36.51464638510337
36.53953359973607
36.56456161773509
36.584861748989006
36.58486174899084
36.604271091689334
36.615818938799784
36.63105102199042
36.65509664992083
36.65588173058632
36.68120978836341
36.70525084232383
36.72190619979691
36.739652891256505
36.7501847149969
36.773641769623964
36.79287947840423
36.8108124748853
36.82989148536186
36.8495798063084
36.87350341589664
36.89343855048517
36.91465485754216
36.930323149654846
36.94776574011635
36.97558854407787
37.0014591676978
37.02534769567541
37.046648570567946
37.05787476453761
37.07595584843897
37.09250423474818
37.11469602539403
37.13533632875038
37.15184244449593
37.1637244250402
37.18725745188946
37.207673726184154
37.22870823615125
37.23967957620044
37.25434297010194
37.274861127566865
37.29913719337923
37.3235118424401
37.348181853650665
37.36551789597591
37.37327218364028
37.387225762044345
37.40901268677042
37.435351683879226
37.45846178227771
37.47120884759156
37.48992955732419
37.51671433115803
37.539362647053174
37.556404330403424
37.564144810363274
37.58343667943054
37.59853460851901
37.62095761584859
37.64375573323035
37.65620831970868
37.67599465339069
37.70236625471324
37.72159684907997
37.74173771453707
37.7595803138586
37.78020302246121
37.80136935963202
37.82265389211702
37.84362917105685
37.86557482717192
37.88816270059472
37.914284851474555
37.93667754443041
37.960161458253474
37.97824694597047
37.99788827572109
38.02725912757646
38.05464177898958
38.08000585374674
38.10332028494826
38.12730294576243
38.14159321866049
38.162272295094944
38.18137005339481
38.205701864831745
38.22843064542261
38.24785206729686
38.267678425998334
38.28632295685018
38.30926652284872
38.332456536401985
38.35611311263867
38.37073373927467
38.387443776298504
38.410236050862466
38.43646987904554
38.462666947080145
38.489012229184574
38.510380788399424
38.5308116754507
38.542967303988235
38.559001075768066
38.584312263063445
38.611799777211644
38.63710614980181
38.65463810503686
38.6733188328893
38.70172695159322
38.7260717505696
38.74822365776018
38.76830682668314
38.781129138241766
38.80141485115813
38.81928777078714
38.843994426850365
38.86893039610297
38.88718782948031
38.90572388293045
38.93366168927226
38.95539439398015
38.97760818521738
39.000568189154514
39.02122438324677
39.04439929647683
39.06796632953135
39.09151936375134
39.114650351794346
39.13857295866648
39.16297343570242
39.19059723131374
39.21454177692765
39.239384686948746
39.26430672781628
39.285125827728855
39.30987683085734
39.33859060191123
39.36786550176179
39.395093294119
39.42024246367307
39.445892975412896
39.46792741850434
39.48543625339348
39.50889560778683
39.53073193672372
39.557417897239795
39.582456298062645
39.6042260509246
39.626251845045
39.6470242482548
39.671748061106776
39.696571293172134
39.721701009363706
39.74567757039794
39.76331715520019
39.78281980643791
39.80797674756895
39.83627735054477
39.864415223491385
39.892564083197605
39.91585321648963
39.93811768476437
39.96039391580732
39.97586823426736
39.99668480091125
40.02509693994423
40.052316358968106
40.07979591779735
40.09976284175608
40.12069215056983
40.15073150571876
40.17677769179853
40.200605561103096
40.22358346341321
40.246528144161935
40.26245490453383
40.28534982892224
40.305828553741684
40.332673286731584
40.359607813977014
40.3800676512166
40.40066005368403
40.43004993995701
40.45340872657027
40.47708620719924
40.501989804823644
40.52748617168361
40.55067079588503
40.576123084975976
40.60182075762056
40.62737597258924
40.65239904040845
40.678040882892326
40.70400136401
40.732886570715706
40.75813696024404
40.7840991507637
40.81096440911657
40.83813998491309
40.861291585414946
40.88805028416325
40.91844335751478
40.94923718700494
40.97795187124422
41.00455537873966
41.031496569868196
41.05653700091709
41.08115681292576
41.10135409890617
41.1270791705849
41.15113513282599
41.17966896502028
41.20650627378625
41.23010494723917
41.253811346303884
41.27705177010731
41.302181549325915
41.32812626168484
41.35510635141527
41.38248419849083
41.40864031180271
41.428648017783594
41.45029529586467
41.4771817301623
41.50692012931883
41.53636731035521
41.56568617812416
41.59080877782516
41.61662783558006
41.641350269958025
41.665958664591294
41.68397798649744
41.70694312880072
41.73699267214651
41.7657756441528
41.79467015030898
41.81796251530025
41.84081174026008
41.86959079027179
41.89663081043413
41.92488886072503
41.95091330119854
41.97600200694762
42.00092881053807
42.02123798756705
42.04366870821954
42.06636042333957
42.09393857760615
42.12197228317547
42.14838485574192
42.171404617589296
42.19536232314928
42.22567614952346
42.25106831112813
42.27663187322283
42.303226777988954
42.330249217767516
42.35493776185883
42.381640686478086
42.408434647437154
42.43548206596464
42.46328761516404
42.49046152306287
42.51809509601034
42.54590111618753
42.576353258825485
42.60321783259702
42.63062198122929
42.658745247380956
42.687022340591206
42.71341615731446
42.739009042567595
42.769823571640735
42.8009520184029
42.83259574655258
42.862961137963886
42.8911875457031
42.919599245444594
42.94606755594743
42.97199643398006
42.997729032214075
43.02058648421441
43.048571475456534
43.07484489586489
43.10524429578562
43.13390190142167
43.15935058678722
43.184767255883735
43.20960473528296
43.23609841329925
43.26322539523881
43.2911928924432
43.31939293865752
43.34830477724375
43.376520317025886
43.39876593845758
43.42243810667056
43.450954291436325
43.48204450644345
43.51272055441731
43.54313500309264
43.56942108562777
43.59633496203049
43.6244312716341
43.65136013140836
43.67805290649722
43.698356205482334
43.723226046336116
43.754691930162885
43.78481826310574
43.814912056159805
43.83986304519595
43.86575580605345
43.89316554822668
43.9219634309763
43.951043055993516
43.98115116075659
44.00900656234321
44.03584009650471
44.062384738374895
44.08540896911128
44.1086602951032
44.13380792023727
44.160805879678556
44.1895934892846
44.21897621489594
44.24740940006898
44.27248987291963
44.298329710374354
44.330074020078506
44.35700672470461
44.38396403523094
44.411760676174346
44.439820790656775
44.46715678219861
44.49415682474578
44.5229443465795
44.55169005931847
44.580546130003476
44.60998984356852
44.63869874110235
44.667707367471
44.69674064937794
44.72814634217875
44.75600018374315
44.78422068651053
44.81342089539532
44.843509381633346
44.87361484843063
44.90179989984754
44.92909059448507
44.96120618847399
44.993482130758586
45.0261074852095
45.057376063008796
45.086467978504906
45.1155890035807
45.14534512629631
45.17381360253638
45.201639609775945
45.22914698111851
45.25378860971589
45.28316484159679
45.31077629597079
45.342166398825874
45.37175849804719
45.39942339088308
45.427131242038506
45.45468211017636
45.481554049308365
45.50986852445816
45.53865160945161
45.56809795683973
45.5976277788095
45.62769411542764
45.6569570181156
45.683848733533075
45.70859386190825
45.73456895577922
45.765572114927814
45.79778383117006
45.8300240254026
45.861881821170094
45.88968157734306
45.91793941144102
45.94717997487448
45.97516860176113
46.0027877913898
46.031496146860086
46.05422628026373
46.08148380846544
46.114242531181766
46.145913520096734
46.17741887525677
46.203901618785515
46.23113984870701
46.259677743336134
46.289390612003736
46.31922506353927
46.34988816544439
46.38044696226499
46.410178618840895
46.43880836140915
46.46703032075661
46.49177233542738
46.51659229529724
46.543073680582005
46.57117053931618
46.60082291471418
46.63089367144651
46.66062185549955
46.69098789221599
46.718039101026214
46.745679769157526
46.77879553954843
46.80720390623788
46.835497014304714
46.86444657419322
46.89350322191111
46.9217264191496
46.95062196916114
46.9797119112832
47.010371607472194
47.04086105842177
47.071322623528665
47.102207500507646
47.132257107034256
47.162451991308465
47.19252854156519
47.224714810931104
47.25338041400738
47.28276254661446
47.312970238012475
47.343979544853745
47.37570142132388
47.40730592282529
47.43695028668157
47.46560700843181
47.498707097991044
47.53181692552046
47.56511377281547
47.59697440948452
47.626837443263405
47.65783179588602
47.68872395115086
47.72008739617118
47.75009329813047
47.77935232562243
47.80816984627708
47.83412381127842
47.864432228900064
47.892918344173104
47.92484604621449
47.955184334072385
47.98661318425361
48.01608059881135
48.04545601970489
48.07454726358193
48.1028562183598
48.132395988393306
48.16223903269205
48.192567936693536
48.22282954450539
48.25345186414563
48.28425979322343
48.31533573043714
48.34402772004723
48.370546904882836
48.39809875768671
48.43028919655983
48.46348738779805
48.49656993140021
48.5291441463014
48.557729802653405
48.587633536347745
48.617844806654084
48.64885984287717
48.67855349747244
48.70776190458911
48.73786847200615
48.76215689130971
48.79060518416813
48.82413612181853
48.85648786006864
48.8885340082443
48.918902086200006
48.94738853800792
48.976462173110804
49.00663773346143
49.03779451005145
