7.803760071722104
7.841513984172767
7.846707892524367
7.861426457754345
7.884518344232573
7.887148345455501
7.915365526583516
7.931580185818059
7.938833776327455
7.9436314081196695
7.954010687774216
7.991067351760807
7.9939555868713335
8.006974488980953
8.02891153693773
8.055658876677926
8.069879602461786
8.074774858405627
8.077191699656076
8.085590292390107
8.122176159748202
8.132861841065333
8.153043974740923
8.178398198657957
8.190674788787756
8.193242976756316
8.198886377135256
8.234310918726639
8.242582255308918
8.260959784222866
8.284891278380304
8.295166190101051
8.297834729356683
8.331963192969132
8.337620598927574
8.35402722910305
8.376391083860053
8.384490307066912
8.417063311111256
8.419779048026358
8.433922021405568
8.454447972392694
8.460070642593667
8.491567168624613
8.503017793668825
8.521300396131817
8.52400847347773
8.554065367903416
8.563134488652128
8.579508289217495
8.607620172941235
8.613753367837619
8.627689578786516
8.654095676871378
8.657480409225817
8.669192979842085
8.694145880054815
8.702966746738571
8.725839278709065
8.73184542041144
8.752757663890222
8.756030820530329
8.775109706824804
8.79158444067771
8.80543288283059
8.816632040810573
8.825157981109967
8.830985736072284
8.834089205248546
8.904647064245937
8.973015970318784
9.039188287161123
9.10315716995437
9.164916580054529
9.224461298947066
9.281786941435268
9.336889968027792
9.389767696492575
9.44041831254574
9.488840879645615
9.535035347862644
9.579002561799195
9.62074426753311
9.660263118562096
9.697562680727733
9.732647436098985
9.73452645145341
9.738557800310465
9.744521970950606
9.752210512819408
9.761425529061972
9.771979194688607
9.773730031171967
9.786051859388428
9.789898525132974
9.80367519630538
9.809288109971911
9.824222305013473
9.831288882104355
9.833512043318079
9.84993354513139
9.858767786855973
9.86288779600349
9.880383322472904
9.89055817289435
9.89263352121626
9.898833837724892
9.917627328650811
9.929352597490853
9.933269792212377
9.940992238218252
9.942907398197827
9.96310143851023
9.976466600403844
9.98229996306368
9.991634169495493
9.995337338842235
10.01629140485762
10.018660076629681
10.03363819799142
10.04134647692924
10.052265859102386
10.057721037940139
10.07944987666293
10.081638162825813
10.08622629868067
10.102678320001571
10.112108784973108
10.124474522658224
10.131533968122207
10.133529494273839
10.156568058432997
10.160927594449207
10.167451320805673
10.185129952496068
10.196022246058854
10.209587161167073
10.21201620712071
10.221062807630295
10.22518260505594
10.249177040151261
10.255310026187006
10.26338254225409
10.265598312140666
10.28479417323514
10.29742656941531
10.312481294023224
10.316840106846099
10.327368631321898
10.329358909127974
10.33573644445392
10.360878127683522
10.36893440858269
10.378715993159615
10.382816239314144
10.402930007970737
10.40533284813314
10.419744390452722
10.436339806119905
10.442656492897983
10.45471656284389
10.458547269897368
10.460704025350593
10.469238747245823
10.495481809516127
10.505375815764479
10.516790656175134
10.522689784163111
10.524588549123793
10.54623944668595
10.550947152623566
10.566944943098255
10.584898900192309
10.592969264473501
10.606376799126208
10.608666419500652
10.614798605577898
10.619222149391204
10.629585992888584
10.656653653594697
10.668070310547327
10.670081506103868
10.683488038444013
10.691536103419763
10.695664853593284
10.718438772102127
10.724996955768964
10.742160715191956
10.744549390331168
10.76412022568302
10.774182530735596
10.78919559330406
10.79352668746287
10.80138791629449
10.803477847781616
10.810266835633994
10.822579898428144
10.850641891689515
10.863715290174218
10.867732955536281
10.882455285125674
10.884909136119488
10.895095523862041
10.901438780516534
10.92537467052649
10.9337848821531
10.95214924852529
10.954284233791538
10.959168820963471
10.980256647681612
10.992191014916566
11.008707742879233
11.01495527956119
11.024434702323473
11.026919906851175
11.031476766210455
11.040377350573666
11.054404875611196
11.083272441923038
11.097778929224114
11.099925420879584
11.106390760646969
11.12290518628325
11.12764361217961
11.139606441751804
11.147796269213861
11.172576590296915
11.17505950389736
11.185655820328
11.20558768109874
11.209980117819784
11.216862593760363
11.239015533893175
11.241140237036847
11.255164077051253
11.273420356234398
11.281799443601885
11.29312674367584
11.29768687709195
11.304091882782926
11.30653915538033
11.317640937771275
11.333491963002482
11.363319010247055
11.379380386390933
11.383576530453334
11.385646515260111
11.394516753570331
11.412812438964623
11.419799027321963
11.433526225448395
11.443545858903173
11.469202648305286
11.471581335391532
11.476630277074674
11.489265231681488
11.510646510671238
11.517142207375292
11.52587966263013
11.548999669454846
11.551682150563673
11.556353519541007
11.572206814971453
11.591957940674432
11.60220205004394
11.615122617561271
11.617400285510628
11.62447076719579
11.633171870715186
11.637990342100958
11.650907068142091
11.668211337380933
11.698667919455852
11.701235525003982
11.719196874555015
11.725763727269152
11.730187412784614
11.740947268481642
11.76053650952437
11.762681334593085
11.772109251581936
11.787818538153667
11.799882594708125
11.826678105423374
11.831234809229072
11.838202915369815
11.840623895214842
11.855384389102872
11.87833117767209
11.887013104794368
11.897700332810436
11.92192583820111
11.92660980644237
11.929302014563747
11.936464447221
11.95412649564033
11.97536741257751
11.987451771083526
12.001953083678503
12.004196424607953
12.009175715454242
12.018585366109656
12.029420395351766
12.036442344795455
12.051032222827038
12.069664053797025
12.072164962545736
12.103883481297236
12.10898417585401
12.128584720564652
12.137235408114508
12.143724156041285
12.156105523391004
12.158859088650194
12.180223603923073
12.184892147905012
12.196354931556241
12.213659428585197
12.227374512037391
12.229654080396676
12.257958521226188
12.265012806648913
12.274233672370245
12.279009583126305
12.29538194546547
12.31940433178867
12.321923076512155
12.332991462673364
12.345841135504694
12.371427448116167
12.378323631984289
12.383201061668723
12.392197741366052
12.394950785053796
12.414522839493698
12.437370613808964
12.451394466258103
12.467588277218239
12.47200994162174
12.474264943068873
12.481885263384756
12.493590794702795
12.506525778891083
12.515712682632612
12.531962495460979
12.551924602793656
12.55440065675174
12.559640904138375
12.592513814878552
12.599974688908128
12.621084307183095
12.631664467284997
12.640062740917626
12.642755021286556
12.657356787626233
12.662687645392259
12.685573359800498
12.692471334004862
12.705696275797512
12.724342322881425
12.727246014149406
12.743090585138829
12.747946494810249
12.777400050263383
12.786538941374713
12.797608062184745
12.799982714163443
12.807435777547733
12.825781226628523
12.851268856317473
12.856201611332457
12.869129064788227
12.88362026241275
12.88619341786933
12.913393915693037
12.922714144774146
12.929990800347325
12.941053901444628
12.94605764835194
12.966910525788686
12.969677440237172
12.994254557682352
13.0103239053441
13.02832854718264
13.035022386372338
13.039529562032678
13.049004414638999
13.051960358743793
13.065931251901398
13.080944689388081
13.092270880285662
13.110179155508705
13.131485348514323
13.133883113182156
13.13919023431791
13.146998686975726
13.180932347850591
13.190597605682777
13.213101081038245
13.225472386465883
13.228046680416805
13.238960527580277
13.24432866048985
13.260884602972537
13.268505822023075
13.292675660990758
13.301527545184127
13.304273727693795
13.319754187421614
13.34025931421313
13.345682626812318
13.36327202874998
13.370293310110947
13.400552342353512
13.40346579192932
13.415046438480482
13.428335064193996
13.43323700046224
13.442835301191836
13.4626520836564
13.46498024738649
13.492199635195325
13.499767041167482
13.514803321848587
13.531197853839904
13.536141745672358
13.564351941928608
13.56683533829291
13.57867926622288
13.588456616666628
13.601704658225342
13.609068652462783
13.631360453245572
13.636340538540678
13.638974650070123
13.66529683270805
13.683411126198555
13.703237180237634
13.712189962239291
13.718936185550858
13.730271277929658
13.733051609981784
13.738818524979466
13.754923815175479
13.771892423412917
13.785229795802769
13.804690565671661
13.827248566574271
13.83017064798153
13.835392771939786
13.843252646332251
13.853361363176534
13.888160340884655
13.899774405469996
13.90207922333387
13.926513009380331
13.941196104916552
13.946445596357163
13.95948992425212
13.967136808117159
13.985281840033737
13.987716982353097
13.997999643930912
14.023878078573441
14.035077714913575
14.040348885859752
14.057588283028045
14.079470508941535
14.082031624280782
14.090213907035954
14.109828279008076
14.119275904078597
14.150671040985374
14.155958222565422
14.169348309365825
14.172031072787709
14.187673644323171
14.19522289248348
14.207106370503782
14.228568759034166
14.23328700038824
14.261520652841005
14.264320766451762
14.274517025229814
14.291682480949438
14.310010682145107
14.317331839561175
14.346625726370052
14.35134758879254
14.35426078227143
14.368509183172614
14.380667842981852
14.395995796393775
14.405604687950488
14.4292644427158
14.43634619780513
14.439368228918363
14.444857346293505
14.472723387535742
14.492663808710931
14.514100911524542
14.52507756699899
14.527440641666823
14.536952478698721
14.550698161187386
14.556189833773209
14.56439037968873
14.582282624531752
14.600863904092426
14.603325270853015
14.619090145222293
14.6405464412846
14.664817882683137
14.670306572387945
14.677850285794124
14.68776847361603
14.690324026513396
14.703013698456088
14.739033093914886
14.752899368611763
14.757792990487333
14.783578863679244
14.799969928821133
14.802615592284623
14.810681590303355
14.82602644766249
14.83611605819963
14.856049808180325
14.860928650383338
14.873130727814731
14.875862457074115
14.903519106399235
14.917104458505166
14.924929879290284
14.943995788552956
14.967341635844255
14.97220027164436
14.975014053130137
14.985853073619284
15.00742594397502
15.01921230891095
15.05171926601623
15.059292687296109
15.074431471387813
15.077323323116792
15.082932070978528
15.100725813118165
15.110702603095449
15.124667157351153
15.147600477019806
15.154494226748247
15.157460198694485
15.187337112201176
15.192925159385526
15.20541105803897
15.224387737351554
15.244337611709772
15.253697939152763
15.256734113604091
15.287613616141774
15.295022517673592
15.30058451342571
15.316784805149014
15.330868223854372
15.34782939877248
15.350931890672625
15.363106554399794
15.388502194521058
15.398019888492447
15.403550506696389
15.411293039841722
15.44016036842268
15.4433253256992
15.465311384449175
15.488591788909504
15.501805753460191
15.50670629910803
15.518266161797696
15.520714148918314
15.536938297676814
15.545195017240841
15.555897514072297
15.575677949185048
15.595982278786606
15.600840501687605
15.603341833450779
15.621481844539934
15.644902453316343
15.670869654875586
15.678863913600702
15.688679592806034
15.70061865871647
15.70316963565879
15.708758933554
15.72384926607589
15.760974905433175
15.776925606070337
15.78422127878167
15.811232059715303
15.813829016671123
15.832560700337654
15.838107755994963
15.848676071439877
15.866029691758785
15.87825967199276
15.899708895563387
15.902348201904756
15.910142424600435
15.924767114002004
15.93026679475682
15.959315408351062
15.974864993990247
15.984809805083307
15.98748786494683
16.00875944857457
16.03397026382676
16.041489938132504
16.046937137681017
16.059876886570517
16.082880810350314
16.085594062851126
16.09995021769723
16.133864130464357
16.14396278972103
16.16111856634862
16.166508205290462
16.17434577836108
16.177090697794046
16.197154485093222
16.209665275663404
16.225835951075478
16.250396869985003
16.259588529173946
16.264915555544782
16.26768865157315
16.299232556219128
16.307575065746494
16.32234195389867
16.343144901485445
16.364740607648294
16.37614288158239
16.378940699414017
16.384987481583803
16.417358380975582
16.427303547786096
16.43536388116347
16.453398718453577
16.469289052980496
16.472108173531844
16.491385755473246
16.49737047932016
16.51184503110847
16.538749154569363
16.550437259281043
16.55820406587939
16.56104110592744
16.571563491823504
16.602027266956938
16.607944988065068
16.63161232449636
16.656377234690247
16.671445356095017
16.674296968417313
16.68212243873611
16.696147044173195
16.701386508206713
16.719582827320046
16.73007795716586
16.742762817793643
16.745625691296596
16.767590482643584
16.78992571557612
16.797458236854094
16.802621153439002
16.82250861485604
16.847278807693904
16.85014966752957
16.87799576110331
16.88864026621744
16.900886167457113
16.91501867606811
16.920100238501345
16.927934298676075
16.93080990634756
16.948327291071237
16.986650897431222
17.00472932325064
17.014454818388927
17.042777351400225
17.04777278165412
17.05064993510981
17.071631357349364
17.07996004350809
17.09292990987795
17.112215125288216
17.12650052223374
17.149410175509125
17.152285709225907
17.157984558683175
17.168453227040782
17.185281801923527
17.19331089925777
17.223579084775327
17.24088912197135
17.243759907027012
17.25640459797473
17.26201851887763
17.285167237800128
17.311927486358808
17.32174872316928
17.329466998190767
17.332329942325767
17.347825857005613
17.372755384108892
17.378279718750203
17.394734056785943
17.42963581493494
17.4417789403723
17.444630988041084
17.464138577295575
17.472340992044902
17.482739891770745
17.48817001090001
17.50992059027525
17.524361657649635
17.527199790061676
17.545778391332355
17.57220039757227
17.58389256439374
17.591782572180403
17.597113875319984
17.629643266156947
17.6324645013077
17.643613607657965
17.660738571996195
17.68346876730347
17.706821334743136
17.720357671840304
17.72558558759329
17.728386980285254
17.737362807370097
17.771219276019306
17.783642297806207
17.79414399618619
17.813989012314984
17.831662563008877
17.834441204862927
17.84035880874867
17.861784720291062
17.870453447674684
17.887056804318682
17.915335809467702
17.929025416995405
17.931778436452625
17.942404785601592
17.948220672180597
17.96120870760668
17.9930103873414
18.001360895145098
18.026439373426854
18.029163935740993
18.055947309577817
18.073391603177583
18.079101329980617
18.08940558564791
18.10546663060351
18.113047650572728
18.115740957793527
18.13629337371142
18.149402589497978
18.16446322013754
18.17006237338797
18.193675998566608
18.217507433683
18.220166724630513
18.23059810813969
18.238651364479768
18.26056416999445
18.28698503468607
18.29246922952977
18.321545825560463
18.324168375790638
18.337566086009137
18.352358194463367
18.368813879629347
18.376540691493904
18.386750126680326
18.392115007408286
18.394698129169893
18.414635378227487
18.45421169134681
18.474426457891457
18.486575534344592
18.51625960859976
18.52364896447617
18.526190006659352
18.532229694995706
18.555341680689875
18.56630502433354
18.581547158922927
18.602656755625475
18.618882615341963
18.643165819434678
18.646460535982925
18.652383032351043
18.66085922519502
18.673736498582723
18.69252363969635
18.702817436457124
18.73410272896939
18.73735004508071
18.756996776413068
18.762797860989057
18.777753998698586
18.785898944646856
18.81056818419584
18.83853280754262
18.84173013323389
18.8542743073696
18.864692413744265
18.87036789531432
18.887912829139932
18.914286013766336
18.922088772367616
18.92523355432834
18.944091318947002
18.980345988627377
18.994850000772498
19.000395716883368
19.021630607318137
19.03199017241242
19.035079893923232
19.04819747227178
19.056466681823334
19.080110483101137
19.096678580530845
19.102090397633827
19.122320341622526
19.12535252246608
19.153704862607032
19.167935951630625
19.17842526190945
19.186352247078204
19.21998402871517
19.22525784230389
19.228230038668315
19.242086259691654
19.26149177238251
19.28609265151616
19.31115334722225
19.326755349670833
19.334329237379496
19.337239041754575
19.343178390467735
19.35485581531269
19.390040378131125
19.404731855152864
19.417464920006513
19.43893913518704
19.44178417625335
19.461865845356584
19.46766985797238
19.476326551193917
19.499584957963908
19.510591011383827
19.52900008118414
19.531778023695253
19.561948954199696
19.57813261383877
19.58379732633881
19.596810662690512
19.605121164707427
19.62011045396139
19.622818998619397
19.656350853810324
19.667476908958143
19.694365499044117
19.69988697573317
19.72813156889586
19.747369415988196
19.750006299312638
19.758765482014308
19.77176244323532
19.790099475262863
19.800249743150633
19.805624076729057
19.827830085060608
19.830393079251092
19.84619675307803
19.863727416248533
19.872140961361026
19.897537673862896
19.92300885267462
19.928232164305452
19.940702752578805
19.94399407550231
19.954883173728717
19.978810300028954
20.006889667637694
20.014946906557547
20.045282751563853
20.05035119093475
20.053563581642585
20.069545641425524
20.08672401313994
20.105352540362478
20.115556513079834
20.12798496491863
20.135675184053877
20.138806476260793
20.14453069195668
20.166613145729272
20.207222646978135
20.229306728179207
20.243594559529345
20.2744048959074
20.277452958812766
20.28775939131008
20.29333193270513
20.302098309927533
20.326951599442125
20.340130010213496
20.35723769944565
20.36020043757286
20.383557667590996
20.402147550295812
20.42826222381632
20.434306251046863
20.442713182412202
20.453410729234967
20.456286082265205
20.471839443140627
20.49287958318549
20.50572155767491
20.538374063484405
20.54425719368557
20.56558455562506
20.56837049822564
20.57721858196277
20.59463657903432
20.605454659611134
20.63183962927964
20.661222110693004
20.666940636747306
20.669635178394742
20.684906558658852
20.698031001388145
20.706520876438802
20.726155747385484
20.754044555323382
20.764156632680283
20.766757817478208
20.773117390850267
20.79427734444991
20.83183549999055
20.84859975940617
20.856720944273015
20.879612222144182
20.892035382463312
20.895349610936144
20.901548014212608
20.91714424583334
20.928003974038614
20.95333708531053
20.971813865031542
20.979555824755334
20.982771837025123
21.005271792384868
21.01130546522013
21.041262960795102
21.057673009197075
21.07039417098802
21.08054498158068
21.083660882749502
21.11891116974555
21.127093213502025
21.132958622754092
21.149031823429755
21.170242876789732
21.196253603749465
21.199267533231154
21.22639411467814
21.244407003635878
21.254663321814952
21.26035696150914
21.26879492256799
21.282548355661312
21.285458486980392
21.322221803590853
21.339389000183147
21.354566085647303
21.37791570329093
21.383434094579606
21.405191812776994
21.407996353363206
21.416867439149676
21.428321133995237
21.45351708511941
21.466941984546153
21.487266479491094
21.492606170609807
21.495303361588377
21.527342536873714
