43.55628874248658
43.55628874248658
43.58113672835459
43.58113672835459
43.581136728354664
43.606367492654094
43.606367492654094
43.631835857529644
43.631835857529644
43.631835857530575
43.6600280376364
43.6600280376364
43.660028037636486
43.6863830804457
43.6863830804457
43.71114634762825
43.71114634762825
43.7280547081213
43.72805470812232
43.72805470812241
43.72805470812242
43.72805470812242
43.75815569149862
43.79367060702653
43.813693054047974
43.813693054049125
43.813693054049125
43.813693054049125
43.81369305404923
43.83416835056192
43.85799945451985
43.85799945451985
43.88580415705857
43.88580415705857
43.9121254304829
43.91212543048301
43.91212543048301
43.94180449608548
43.94180449608673
43.94180449608673
43.975022944727904
43.975022944727904
43.975022944728025
44.00299481189841
44.03004404308605
44.03004404308606
44.03004404308606
44.052090967072324
44.05209096707371
44.067087383387936
44.06708738338807
44.06708738338807
44.06708738338808
44.095371976741156
44.126083137967555
44.126083137969104
44.126083137969104
44.12608313796926
44.12608313796926
44.151916998224266
44.17223464907096
44.17223464907096
44.20222128011096
44.23107603832119
44.23107603832136
44.231076038321376
44.231076038321376
44.23107603832308
44.25706795109643
44.28448893474703
44.30901500562841
44.30901500562841
44.309015005628424
44.32675365334478
44.326753653344966
44.326753653346856
44.326753653346856
44.32675365334687
44.35362675311812
44.386396628638735
44.41741118447978
44.41741118447979
44.41741118447998
44.44792942989037
44.44792942989038
44.470037112324476
44.470037112324476
44.47003711232653
44.47003711232675
44.470037112326764
44.49461629451143
44.49461629451143
44.51902358615153
44.54615657950759
44.546156579509905
44.54615657951015
44.54615657951015
44.54615657951017
44.58320559361954
44.610094565482335
44.63131566353067
44.63131566353067
44.63131566353069
44.65439326822437
44.654393268224645
44.654393268227196
44.654393268227196
44.6818745098598
44.6818745098598
44.709489443305635
44.73959838697036
44.73959838697036
44.76786683240398
44.76786683240428
44.767866832404295
44.778569240046735
44.778569240046735
44.80417448153701
44.82385525771653
44.82385525771686
44.823855257716886
44.823855257716886
44.845156668221236
44.8817297319235
44.89229689081763
44.91484937077833
44.91484937077834
44.914849370778356
44.914849370778725
44.9379086174779
44.961315272579455
44.961315272579455
44.98782566841821
44.98782566841824
45.01238766212435
45.01238766212475
45.01238766212475
45.03527468698415
45.0467282048041
45.046728204804126
45.07853227895508
45.07853227895509
45.11360839019545
45.1136083901959
45.12871008302768
45.128710083027705
45.128710083027705
45.15021740111771
45.17263816627247
45.199562094528154
45.199562094528645
45.19956209452865
45.19956209452869
45.22494434129895
45.25415088344228
45.287384691439044
45.287384691439044
45.31254117234569
45.312541172345725
45.31254117234627
45.33224054716906
45.33224054716906
45.34393173782422
45.37100170623008
45.371001706230125
45.40056756237837
45.40056756237837
45.400567562378974
45.42482113778585
45.44305613046869
45.44305613046874
45.44305613046874
45.47209988544466
45.499986368970696
45.49998636897136
45.524799296455114
45.524799296455114
45.524799296455164
45.551295964462575
45.56588447044259
45.58630341444052
45.58630341444052
45.58630341444126
45.58630341444132
45.61686198354114
45.64970403255549
45.64970403255549
45.68071025902536
45.70055990805058
45.70055990805064
45.70055990805145
45.70055990805146
45.72323671340933
45.7458133031347
45.76983588241527
45.76983588241534
45.76983588241534
45.808271307347766
45.833878177859
45.83387817785988
45.848724992091135
45.87488076668914
45.874880766689145
45.87488076668922
45.90143946595177
45.92824827108383
45.92824827108383
45.92824827108481
45.95792425014368
45.957924250143755
45.98566640046917
45.98566640046917
46.01173299750343
46.02953127170664
46.02953127170771
46.0295312717078
46.02953127170781
46.061216517366915
46.098600638975235
46.11967689899781
46.119676898999025
46.119676898999025
46.11967689899913
46.141229842696745
46.166315215283994
46.19558332321949
46.195583323219495
46.223289926824044
46.22328992682416
46.25453104851112
46.25453104851243
46.25453104851244
46.28949783655578
46.28949783655591
46.318941907261575
46.34741478219593
46.34741478219594
46.37062207060254
46.37062207060399
46.386407771987386
46.38640777198752
46.386407771987535
46.416181028148664
46.44850856628162
46.44850856628326
46.448508566283415
46.44850856628342
46.47570210339396
46.49708910428521
46.52865397906415
46.55902740875914
46.55902740875931
46.55902740875932
46.559027408761125
46.5863873169436
46.61525151026001
46.64106842697726
46.64106842697727
46.659740687731336
46.65974068773152
46.65974068773352
46.65974068773353
46.68802816117705
46.722522766988135
46.7551696678734
46.755169667873616
46.78729413672665
46.787294136726665
46.81056538139413
46.810565381396295
46.81056538139653
46.81056538139654
46.83643820474897
46.862130090685774
46.89069113632378
46.89069113632622
46.890691136326474
46.89069113632649
46.92969009854688
46.957994279455086
46.980332277400706
46.98033227740072
47.004624492867755
47.00462449286804
47.004624492870725
47.033552115641896
47.03355211564191
47.06262046663746
47.09431409154774
47.12407034989888
47.12407034989919
47.12407034989922
47.135336042154435
47.16228892793367
47.183005534438415
47.183005534438756
47.183005534438784
47.20542807181194
47.24392603360378
47.255049358755585
47.27878881134571
47.27878881134574
47.278788811346125
47.30306170260842
47.3277002869257
47.355605966756116
47.355605966756144
47.38146069697318
47.381460696973605
47.40555230208875
47.41760863663598
47.41760863663602
47.45108660942639
47.48800883178467
47.48800883178514
47.50390535055561
47.503905350555655
47.526544632755645
47.55014543818154
47.57848641529278
47.5784864152933
47.578486415293334
47.60520456978835
47.63594829836028
47.67093125414636
47.69741176036388
47.69741176036391
47.69741176036449
47.71814794438848
47.730454460867506
47.75894916445271
47.75894916445275
47.790071118292964
47.790071118293596
47.81560119766926
47.83479592680909
47.83479592680914
47.865368300468006
47.894722493653305
47.89472249365401
47.92084136468954
47.920841364689586
47.94873259417107
47.9640889162553
47.98558254151628
47.985582541517054
47.98558254151712
48.017749456359084
48.05232003426889
48.084958167395115
48.10585253479009
48.10585253479016
48.10585253479101
48.12972285622034
48.15348768751021
48.17877461306861
48.1787746130687
48.21923295510281
48.24618755564096
48.24618755564188
48.26181578114846
48.28934817546215
48.28934817546224
48.31730470100176
48.34552449587771
48.345524495878735
48.37676236857219
48.37676236857227
48.405964632072696
48.43340315526665
48.45213818074371
48.452138180744846
48.45213818074494
48.48549107091252
48.52484277786865
48.54702831473452
48.5470283147358
48.547028314735904
48.5697156238912
48.59612127924629
48.62692981391523
48.65609465981476
48.65609465981488
48.68898005106428
48.688980051065656
48.725787196374434
48.72578719637457
48.75678095501211
48.78675240231144
48.81118112694997
48.811181126951496
48.8277976547235
48.827797654723646
48.85913792436695
48.89316691187533
48.89316691187706
48.89316691187722
48.92179168778305
48.94430432030016
48.977530504278
49.00950253553588
49.009502535536065
49.00950253553796
49.03830243888794
49.068685800273634
49.09586150208127
49.11551651340134
49.11551651340154
49.115516513403634
49.14529280123891
49.181602912619006
49.21596807144562
49.21596807144584
49.249783301817466
49.27427934883585
49.27427934883813
49.27427934883838
49.3015138997356
49.32855799019546
49.35862224876188
49.35862224876445
49.35862224876472
49.39967378794408
49.429467662584294
49.45298134463232
49.47855209775552
49.47855209775582
49.47855209775865
49.509002226991456
49.539600491197206
49.57296220162917
49.604284578840826
49.60428457884115
49.616143202267786
49.64451466098278
49.66632161519821
49.66632161519858
49.68992428611761
49.73044845642482
49.74215721974255
49.76714611720582
49.76714611720622
49.79269652906127
49.81863188097428
49.848006280795694
49.875221786287355
49.87522178628781
49.90058137061956
49.91327224909028
49.94851222044872
49.98737771766796
49.98737771766846
50.0041108953215
50.02794171868993
50.052784671769906
50.08261727925543
50.082617279255984
50.110741652408635
50.14310347195792
50.179927635943265
50.20780185301434
50.20780185301495
50.22962941514547
50.24258364301828
50.27257806784467
50.30533801925546
50.30533801925613
50.33221178701999
50.352416765061925
50.384598211018634
50.41549736174001
50.41549736174075
50.44299091019921
50.47235009912709
50.48851464868944
50.51113951738522
50.51113951738604
50.54499942774598
50.581389509756335
50.615745439362875
50.63773951030495
50.637739510305856
50.66286616444201
50.68788177632609
50.7144995927035
50.757087321160476
50.78546058488484
50.785460584885826
50.80191134857705
50.83089281627561
50.86032073789617
50.89002578513389
50.89002578513497
50.92290775639138
50.953646981128756
50.98252963712241
51.00225071657195
51.00225071657316
51.037359022012524
51.078781871440036
51.10213506814096
51.10213506814232
51.12601644620074
51.153811872890124
51.18624190938376
51.21694174717275
51.25155794848794
51.25155794848941
51.29030231197235
51.32292732106452
51.354476212958566
51.3801906599465
51.38019065994813
51.39768174181341
51.43067149933268
51.46649148618359
51.466491486185426
51.49662282924421
51.520320337156974
51.555295267659986
51.58895003740514
51.588950037407166
51.619265725144004
51.65124821081318
51.67985421271597
51.70054369831606
51.7005436983183
51.731887159197605
51.77010832907137
51.8062821804679
51.84187715980649
51.86766247245744
51.86766247245987
51.896330420772756
51.92479788441476
51.95644447237932
51.956444472382046
51.999656618886675
52.0310185921922
52.05576983645331
52.08268641868828
52.08268641869131
52.11473918630482
52.146947885468904
52.18206547539722
52.215036398777926
52.22751916027976
52.257383853664
52.28033854231179
52.30518345906882
52.34784048044488
52.36016549446356
52.38646959705653
52.413364767430316
52.440665137865004
52.471585558729814
52.50023345924737
52.52692775854399
52.540286577986954
52.57738128468007
52.618292334384584
52.635906205598374
52.660991282828356
52.68714175975472
52.71854450447638
52.74814910779502
52.78221418100487
52.82097645888424
52.850317740011754
52.873294121201845
52.88693015054168
52.91850322930642
52.95298738868637
52.98127556527998
53.00254396321894
53.03641916948924
53.06894459130129
53.09788516862607
53.128789578023934
53.14580489335281
53.16962054461161
53.2052625555168
53.24356790500159
53.27973204142955
53.30288369505288
53.329332804670074
53.355665027705975
53.38368378178749
53.42851296963705
53.45837956303122
53.47569615639058
53.5062029644944
53.537179724095104
53.568448194871834
53.60306079619442
53.635417874865524
53.66582067064844
53.686579701648085
53.72353581263715
53.76713881203468
53.79172112435158
53.81685941704471
53.84611776092854
53.880254641448325
53.91257026017374
53.949008366821325
53.98979190732986
54.0241340221639
54.057343382052544
54.084411220987384
54.10282288610893
54.137548946655734
54.17525419597271
54.20697139919271
54.23191614436427
54.26873186068344
54.30415793409961
54.33606918434916
54.36973495873801
54.39984653968855
54.42162494558362
54.45461806229891
54.494850872692666
54.532928611005026
54.57039701030906
54.59753944467874
54.62771623237683
54.6576819835792
54.69099418143707
54.73648065144227
54.769493254922104
54.79554719624991
54.823880440708095
54.85762019609111
54.891524089948284
54.928489974083824
54.96319620922186
54.997706196915146
55.03193530767585
55.058087851630816
55.10298997939547
55.14365220740431
55.171962913061364
55.20070014509854
55.23324795653538
55.27032507093862
55.30556481890802
55.3446118785855
55.38767614143284
55.42450816074821
55.460149220766176
55.49320474152635
55.52436748186229
55.54791209086148
55.58734489803083
55.626449844522874
55.66164817811385
55.69031298616377
55.73015373299888
55.76857101810491
55.8035440793416
55.840076932086305
55.87312440647225
55.90189256522407
55.933705943991605
55.97603033895309
56.016190734185656
56.05565357164551
56.091658112598026
56.12271596855244
56.15656050364027
56.19010685054741
56.23092029908858
56.27482313269489
56.31096015601922
56.34038151801515
56.37186141833274
56.408368813013155
56.44492153293828
56.48427059819387
56.52135848861072
56.55814344920702
56.594543072064035
56.63048433363124
56.66944527571306
56.71158855483687
56.75218483387059
56.78407373723901
56.816266826431836
56.85197713131705
56.89188559436458
56.92994201032518
56.97150692974525
57.01677783150652
57.05601579898579
57.09400808578889
57.129427850485236
57.1637705704563
57.198770507451584
57.230194237661756
57.27087553688735
57.31136574797154
57.34981433878199
57.38195536145568
57.42461098614997
57.46580993668569
57.50363061859882
57.542824951341565
57.578598103690744
57.61019389074188
57.64456865229567
57.68881290117023
57.730883354312596
57.77217108941164
57.81005133840979
57.84882084177539
57.88345302924357
57.92063397237008
57.95743125160065
58.00103007164556
58.047459756107635
58.08640599868918
58.11886454511357
58.15316896421542
58.192137818382015
58.23103607613063
58.272475210822996
58.31164855776806
58.35041440450301
58.38869239370677
58.42728189808389
58.46687242103133
58.51022886163722
58.553620377161614
58.59703401534903
58.63207196784662
58.667293347872175
58.70574863821678
58.748082813254605
58.788546231649896
58.8322294447279
58.87931806043687
58.92055808576911
58.960495364297415
58.99786732428326
59.03624164988079
59.074036292691
59.11235747538554
59.14718165324555
59.19069909564749
59.23393173505818
59.27511969706556
59.31020843662442
59.35517709509861
59.398651014117235
59.43880270723612
59.480144500559234
59.518119281425754
59.55319621231938
59.58859429063203
59.63407223819142
59.67754115086961
59.72013909411994
59.76304466906826
59.803925962559234
59.84554922347281
59.88313734325484
59.92304019710635
59.962470067660966
60.00825095456833
60.05660874438495
60.09774284923174
60.132597204649464
60.169086652182685
60.20988675136746
60.25049712176859
60.29339653686823
60.33439051237681
60.37662732928688
60.41837651360722
60.45955988809035
60.50093499284085
60.54315496587922
60.58884454483549
60.63445748626628
60.679979516327684
60.717430721515264
60.75494023745906
60.79540397455485
60.83943258392055
60.881561805536116
60.92662553628372
60.97479795082237
61.017285577019386
61.06120944119947
61.10399786217378
61.14424553656902
61.18533987744796
61.22577602538512
61.26660295185253
61.30399632264016
61.349534900241665
61.394687500391754
61.43778019560399
61.47495909463187
61.521402281705676
61.566301704762566
61.60791909861284
61.65053899363981
61.694098932775276
61.73505328610072
61.7731515350291
61.81144984425487
61.85921708987624
61.90496687644994
61.94977840269248
61.994769349223695
62.037722381083604
62.08126339022301
62.12085205201533
62.16251864941252
62.20361272548487
62.25061492758993
62.299937668857254
62.343103665863055
62.38709118192624
62.42501036658475
62.464378441246275
62.50773528237105
62.550803596317664
62.59593625846151
62.63914652203003
62.683423239958245
62.72712042060749
62.77016172689511
62.81326472587838
62.857047775315095
62.904002225317385
62.95075696676706
62.99729623454148
63.04168973930396
63.08210976128467
63.122481342948504
63.16555369932108
63.211905021758994
63.256342308589794
63.303455779673115
63.353408891168286
63.397845807147974
63.44352943755361
63.48801459250981
63.52996411339163
63.57259389453752
63.61447214381438
63.656766030517204
63.70052951388667
63.74165514027529
63.78896481854764
63.83652807877472
63.882027418689525
63.92179969245981
63.970262103190315
64.0171449966617
64.06079498827313
64.10528032125858
64.15053957278069
64.19320227778695
64.233028298985
64.27324139319606
64.32167707321875
64.36838875388136
64.41407684475439
64.46088680766691
64.50833432501042
64.55373949307803
64.59959496628439
64.64158546530827
64.68543775994401
64.72863188893234
64.77732241185333
64.82809903748607
64.87290623456474
64.91837121289288
64.95809310682517
64.99926523551821
65.04325582300827
65.08785541295958
65.1336192384372
65.18124047955497
65.22692981889587
65.27352473070114
65.31945955867724
65.36465979005615
65.40980509260105
65.45548085675414
65.50405178713858
65.55231322349924
65.60024805373084
65.64602033905943
65.6878915531336
65.73030420579285
65.7737199793376
65.82083369932671
65.86827328956494
65.91516931776617
65.9645009021519
66.01642136920391
66.06299068942032
66.11063161325687
66.15701916762414
66.20088098031432
66.24527005055661
66.28882404649832
66.33264962067035
66.37774584705782
66.4202084284049
66.46841593286143
66.51673213977938
66.56358851430012
66.61153565047066
66.65393602013471
66.70448401739615
66.75342149321858
66.79917572588975
66.84560951120847
66.89266243316965
66.93713045653772
66.97878332824905
67.02068146538932
67.07026642392285
67.11808673741874
67.16480555512258
67.21245879661173
67.26058406171845
67.30855067978004
67.35634631356851
67.40446253210172
67.44879785099144
67.494790703519
67.54004509933917
67.59040581366001
67.64263098407402
67.68906574068693
67.73600378809786
67.7773621296465
67.81997221460769
67.86513162223926
67.91073910578575
67.9573198437745
68.00553003481548
68.05459490102636
68.10259914746835
68.15135534292568
68.19937412486186
68.246582687791
68.29362466829689
68.34105410994943
68.391115375121
68.44076189978598
68.489975260817
68.53700911984443
68.58020965034648
68.62379498020097
68.66877237397789
68.71598674097804
68.76438250482353
68.81409631735957
68.86318625263257
68.91448049348386
68.96812269115098
69.01656777908111
69.06591530193653
69.11395443713975
69.15947430296612
69.20537309047357
69.25035439602708
69.29546732092496
69.34165873656693
69.38597084962558
69.43410028553501
69.48295099963217
69.5324017623316
69.58150263115687
69.63153113330388
69.67617961815759
69.7284557314951
69.77908717319927
69.82657776905683
69.87459505630582
69.92307949067094
69.96898505920713
70.01209081154676
70.05530190340913
70.10568554184191
70.15426053197726
70.20165453318523
70.25038614253451
70.30029349761071
70.35054158761044
70.40052928718684
70.45024285786995
70.50014724206618
70.54634395122991
