7.803760071722104
7.841513984172767
7.846707892524367
7.861426457754345
7.884518344232573
7.887148345455501
7.915365526583516
7.931580185818059
7.938833776327455
7.9436314081196695
7.954010687774216
7.991067351760807
7.9939555868713335
8.006974488980953
8.02891153693773
8.055658876677926
8.069879602461786
8.074774858405627
8.077191699656076
8.085590292390107
8.122176159748202
8.132861841065333
8.153043974740923
8.178398198657957
8.190674788787756
8.193242976756316
8.198886377135256
8.234310918726639
8.242582255308918
8.260959784222866
8.284891278380304
8.295166190101051
8.297834729356683
8.331963192969132
8.337620598927574
8.35402722910305
8.376391083860053
8.384490307066912
8.417063311111256
8.419779048026358
8.433922021405568
8.454447972392694
8.460070642593667
8.491567168624613
8.503017793668825
8.521300396131817
8.52400847347773
8.554065367903416
8.563134488652128
8.579508289217495
8.607620172941235
8.613753367837619
8.627689578786516
8.654095676871378
8.657480409225817
8.669192979842085
8.694145880054815
8.702966746738571
8.725839278709065
8.73184542041144
8.752757663890222
8.756030820530329
8.775109706824804
8.79158444067771
8.80543288283059
8.816632040810573
8.825157981109967
8.830985736072284
8.834089205248546
8.904647064245937
8.973015970318784
9.039188287161123
9.043317260997444
9.051278404798985
9.062772530050319
9.077514795738425
9.095234025569669
9.115672060263172
9.138583143142315
9.163733337333026
9.167928517603881
9.195943670198155
9.203944091898608
9.234465329785534
9.24586375862915
9.27854752466113
9.292954595079237
9.327472155590632
9.331643922560085
9.349543090872706
9.386440027378594
9.394400497309839
9.415293301076774
9.454124584094492
9.465356152918586
9.488762731224726
9.492822569995436
9.534020599309025
9.548892135218436
9.57522232744827
9.583064704999446
9.626079171443578
9.643973527543304
9.672642947638536
9.67650422664574
9.688364219018528
9.733531528013117
9.754727657657861
9.786052142834935
9.793700085053233
9.808837170580015
9.855505776355814
9.87929056546997
9.883737146155415
9.91790636462705
9.92947649009565
9.948053976355844
9.996478157954764
10.023053567034276
10.031147660515032
10.06736739942864
10.071451506223543
10.086966447301178
10.109032869577286
10.159347129627802
10.188797543803172
10.200582230203043
10.238976860194809
10.246732304008669
10.265235815301176
10.269754683925955
10.295253531247537
10.347482274571439
10.379783764268492
10.395195182966336
10.43577741064708
10.447142789123598
10.468608248540274
10.472609734726035
10.481560584700333
10.510338003778553
10.564403307269766
10.599431114834662
10.61830568086322
10.66098379247329
10.675796146927562
10.700092822980887
10.704384845508716
10.71286700919087
10.72594680085925
10.757756424022633
10.81348300308097
10.85101631910508
10.873095324847595
10.917677899005026
10.935677155937112
10.940193117320804
10.967983505391583
10.976665423777733
10.989222751759668
11.006041440989518
11.040545939918983
11.0976628889471
11.137386470568794
11.162317599805492
11.166992511669969
11.214087087041284
11.235823758404695
11.244646338010785
11.275473466877596
11.2880402126981
11.304180095518497
11.324258620769696
11.361027883636423
11.365798561398359
11.424837976914233
11.467250315434113
11.495505206806053
11.504410846503283
11.553508106301974
11.578407095849776
11.590928250550602
11.624243109267319
11.629048345203318
11.645806650079157
11.665856510819001
11.689543888813603
11.728982015744071
11.73791478738048
11.798294924987092
11.84277018240936
11.87368550030461
11.878466215149547
11.891792238991554
11.943197910253174
11.971511536839616
11.987961244541262
12.024058716900164
12.03296452561894
12.05311697162168
12.0762863740201
12.080985747438758
12.108404161125849
12.15068400559368
12.163880660033142
12.225847894672649
12.272599768530945
12.306362676980221
12.31518940137052
12.332024580883298
12.336588161336941
12.390392436119809
12.422158176019144
12.44255075526533
12.481504933188095
12.49452191909327
12.518116772284086
12.544469977617032
12.553167590022888
12.55754338470842
12.588616762359559
12.633708170864432
12.65106885382888
12.71465853001941
12.763689197182153
12.800274578207814
12.81306346928054
12.833351939169837
12.841872606651659
12.846912051844573
12.903012787994571
12.938076039742576
12.962232528953221
13.00391889639611
13.020859914322658
13.047743517456913
13.077139800770619
13.08965415780119
13.094406444993849
13.103614365820436
13.138085006758827
13.185771391204264
13.20701080000895
13.272063567858426
13.323179697832648
13.36236583622294
13.378836954260704
13.383256950318957
13.407649039693808
13.42076269685082
13.43046875465152
13.488581182456683
13.526604726345804
13.554162156547736
13.598266868959168
13.618755988041606
13.648581647239222
13.653528462752224
13.686544765902909
13.703423819160609
13.712828052628076
13.726362850481877
13.76379351100466
13.81367397368112
13.838323224619169
13.904487154044277
13.909014029168766
13.96273748210524
14.005029108857519
14.025641685637178
14.03470446739116
14.062638058902994
14.07975301076434
14.093525164506403
14.153176342693008
14.193634608052694
14.19860635476587
14.229927405994731
14.27686973394653
14.301277146370303
14.334452706868241
14.343890335773839
14.379889481722033
14.400452277724344
14.413806566711402
14.418278315357911
14.436356647037194
14.477038608993748
14.529448973653688
14.557789303669734
14.62546671728921
14.634485588357268
14.690136385641154
14.734820642707394
14.758802014287713
14.763641826965515
14.777456203012362
14.809100192955086
14.830367337141906
14.84835819762436
14.909832014477225
14.952968952734595
14.962288589902608
14.996533459432278
15.045510435628655
15.05068442266034
15.07906344274343
15.115674370695732
15.129634935933563
15.168728114444642
15.193054427773413
15.210428818029625
15.219259441794666
15.240909452230678
15.245473368246525
15.289399634420196
15.344371411432293
15.376378683796789
15.445656707234303
15.459108124342087
15.516757362647935
15.56388435671863
15.59123805246219
15.600300181064549
15.605128804622817
15.623523536035199
15.65875983881728
15.684040065687102
15.706108232765681
15.769384093729231
15.815137275075642
15.828659839968038
15.865755655270064
15.916739707975548
15.921802102763841
15.93198365058246
15.964113365238644
16.003965257112608
16.022199640633552
16.06420880728304
16.092086710289177
16.113255996572047
16.12620286167164
16.151220743498364
16.156486817996203
16.166086421016285
16.21298362635168
16.270275906412422
16.30565220782992
16.376334477071193
16.39387867096381
16.45330643551478
16.502632142610754
16.507161272082858
16.538506228060637
16.552379115267453
16.562133563060232
16.584677664479077
16.623121561634417
16.65200593295255
16.677736029284592
16.74250904499854
16.79052954715947
16.795202370633266
16.813409952851632
16.853917107475038
16.90752153468546
16.917402286318502
16.9320465755584
16.967440399269588
17.01006749262226
17.032053571821532
17.076519724117073
17.081309099098984
17.11315862483958
17.138540048517488
17.156013711194102
17.18485682347259
17.194836136899045
17.208831145291466
17.258156134449987
17.317252110404244
17.355421971872847
17.36030159078933
17.432821733487078
17.4547659219164
17.516403168441865
17.56834556374932
17.577631740308195
17.612291898435874
17.630250944334595
17.644193223513984
17.670179813502127
17.67512419908078
17.717026379708916
17.749752395108157
17.779385676213035
17.84601198848971
17.89662409013709
17.90595498294253
17.92804138084355
17.971208245470937
18.02671177151898
18.031696271165618
18.046473903776434
18.06568248124952
18.10450713781636
18.15010584675449
18.175996451439243
18.223142386338917
18.232493034259303
18.267446857219884
18.296150385616915
18.30115116485113
18.32315437928826
18.355864386886427
18.370558034031102
18.388969259397403
18.44084504161304
18.501902731557866
18.542978466692215
18.552324698076152
18.62582401604308
18.630818051053385
18.657082385601566
18.720961204608063
18.775534422473665
18.78948715491236
18.827446494129585
18.849439490400474
18.86751464929132
18.896928360232568
18.906246788517787
18.911211857896216
18.95645213917121
18.992881436512217
19.026277434017477
19.094720019708735
19.147850711218357
19.16166424452395
19.18749386953022
19.233246659310137
19.290614346709727
19.295529022424137
19.30571502460842
19.325111199639526
19.34862189062169
19.39067138250697
19.439058143347143
19.46862250419319
19.518278094466933
19.531925181796392
19.569790646828498
19.574634284489346
19.607372476824995
19.61750010638764
19.64368551784518
19.679946255935466
19.698993714913332
19.721473512598646
19.77564364106043
19.838433932732205
19.882137054481493
19.886889782958175
19.90125918338642
19.976481445460077
19.986529535983156
20.016688660889198
20.082484183446578
20.139340395317465
20.157506515181698
20.19837662556446
20.223974755770545
20.228617466210704
20.251301449029537
20.284664893348488
20.298844073032395
20.30879221673072
20.356904852358138
20.39654846442701
20.433210208642674
20.503064320084665
20.558268568021656
20.57601626564833
20.581441837893056
20.611424331620068
20.66024051934934
20.719995947529572
20.729824486678655
20.74456262682877
20.76795062558936
20.795145947591354
20.839849987741193
20.890469600826112
20.895746657144517
20.929302438241994
20.981852034406035
21.00009909991343
21.041257555085533
21.05094757277941
21.087038067904107
21.10154751547952
21.13120916453258
21.17033798954674
21.175449321709795
21.199040628040127
21.225800288066186
21.28257179469013
21.347436872416854
21.394071921993056
21.40360523228436
21.42217385044778
21.49845047637709
21.512707733081182
21.517636855740907
21.551812058089826
21.619749979215836
21.679102097654418
21.701603555460235
21.745577098445825
21.774943905244182
21.784303042717195
21.810699686874703
21.847138420202587
21.851869557770957
21.870892795928174
21.88580522336034
21.93688099466733
21.979816655681493
22.01982337256509
22.09126501983661
22.148689812721894
22.17042971670472
22.180360737268774
22.21351625493953
22.21894529143969
22.270813010101552
22.33298064087005
22.34762374813103
22.366835367114117
22.394167094786038
22.42501685757826
22.472399298757136
22.52529923185131
22.535019718827453
22.54021730623467
22.577619361947104
22.63297375493045
22.65564734659095
22.699991733007902
22.714344432313336
22.753679249967274
22.772412056170833
22.805437739347948
22.84735381032664
22.85230594695305
22.862718515611444
22.89059587319539
22.92139037313954
22.980601708156943
23.047405872749597
23.096793785829686
23.110835642238808
23.133359939670388
23.210604028674606
23.215297377015165
23.234432273008235
23.244614875953108
23.282489085396644
23.352344086205523
23.41394714212799
23.440444978855698
23.487242527465487
23.520063212265935
23.533774433695104
23.56356737847693
23.568898223582746
23.60905020039363
23.61898843644872
23.642411024871894
23.661833562571868
23.71551484031325
23.76136490196375
23.80433266235259
23.8770620911336
23.936372263779585
23.941414547989265
23.967638749907028
23.982553651277758
24.01943934962276
24.02989078233993
24.084363202249623
24.148523106521825
24.16743559130803
24.190587331540545
24.22135061752002
24.226092668467185
24.26100816525899
24.311539526860205
24.36722071712995
24.381788016375463
24.391963495824218
24.43263648768379
24.490265781094646
24.516748189107116
24.563716004019557
24.582088125628612
24.58742774460543
24.63035225594813
24.653613772186755
24.690360813999423
24.735459373606506
24.74534618228896
24.760322705986827
24.791791382346698
24.82593022664776
24.886962207619906
24.891974331956195
24.961033845099532
25.013457556399207
25.03221053341053
25.058928211365835
25.1375344157951
25.14712046379965
25.170327332378815
25.184929156513935
25.225735905165738
25.296820549310947
25.302408057535626
25.366476694264723
25.397104135937294
25.446923435536288
25.483370194407026
25.501566771125756
25.53494310128283
25.54498084140069
25.587997330063065
25.602207687772147
25.607441901285473
25.635280280421394
25.65922813380971
25.715629687703807
25.764497838323923
25.8105323889195
25.88474342455436
25.946107360685748
25.95581627040526
25.985545723522538
25.99041749768728
26.010215359466702
26.050795774817527
26.06617231637645
26.123275835695072
26.18948784579914
26.212618508185113
26.239678463744365
26.27386966765533
26.28323923741173
26.32117035909666
26.326580752634317
26.380167673525076
26.438556405664425
26.45779478405881
26.47276712417543
26.516616618576865
26.576477423171898
26.60664979595794
26.65618267972584
26.678447274051347
26.683471769439127
26.6941701803263
26.740484521928796
26.76802767770624
26.808289097707945
26.85638980885724
26.870943019170785
26.890233413672167
26.92509157970061
26.96238488267377
27.025123373268197
27.03066606571124
27.041008582122455
27.1121056073365
27.167306473744308
27.190426337704185
27.221017183598082
27.3008049453973
27.31492465296672
27.34188349208802
27.360565127771903
27.365699825451426
27.410092621331795
27.48315974953336
27.493913302308403
27.56013098140875
27.594484908493353
27.64697479148933
27.68666273789474
27.708913253297023
27.745483020279156
27.759777835273443
27.765410925631674
27.81185994724456
27.830852710774845
27.84122606304037
27.872979636042
27.900941788966687
27.95963783111576
28.01107828670514
28.05972622016702
28.135039442306915
28.140243766577296
28.204169874807146
28.218934147918485
28.25262674594344
28.262611704437038
28.286681926523425
28.330399357883056
28.350075173734222
28.409291942529304
28.47706033947733
28.481829913811186
28.509481753099227
28.54077774471882
28.578758124563922
28.59306601062018
28.634413763931175
28.64477153060894
28.70079999351977
28.761291440516477
28.784489561090513
28.803532679344375
28.808767948779337
28.85606252679025
28.9184784551927
28.952599345475658
29.00502003739845
29.031441492387
29.041388790990663
29.056628524271684
29.10560386186231
29.13664527612713
29.141427123339742
29.185361815795506
29.23665535296364
29.255988659303984
29.279730539985596
29.318168384918064
29.358824500729195
29.423556722604875
29.43385437870116
29.448611552320305
29.520983414061856
29.526212792118056
29.58430140560475
29.611823893213458
29.646353005218895
29.7275267213839
29.746221639934998
29.777017884585742
29.799853211700412
29.809719625460882
29.856780139749194
29.930978384001396
29.936650331099923
29.95247588548793
30.02090250187072
30.058967049292544
30.114167580956224
30.157111406845626
30.183393092317917
30.223179748079826
30.241705120230517
30.2518999915269
30.257088436858293
30.30687591469273
30.330491047199036
30.345827203707035
30.38138237653087
30.41324182584076
30.474202891428003
30.528173844263325
30.579392845547165
30.655843042589016
30.665587162314562
30.671200725033398
30.73755485809878
30.75711568880855
30.794567222752693
30.809403624155618
30.837526458287197
30.88421785768195
30.907971699767824
30.96918966238974
31.03843010168445
31.043544318295222
31.05375216984955
31.08560959670596
31.120838757464266
31.162326218578567
31.181231261205088
31.225728924085363
31.240689118435743
31.29893774204351
31.36132569409786
31.388182682036078
31.393705122031317
31.417437747030345
31.427963705361567
31.478355151196393
31.543019355498725
31.58070905696466
31.635687637652868
31.665869271688702
31.680301022841018
31.69965936635055
31.70466775370954
31.75688951231233
31.791985839144832
31.802045739969447
31.849209350256853
31.903270689715153
31.92687493316347
31.954570718425995
31.996129315137555
32.03969514011315
32.10603133860258
32.11143160059205
32.12687590315196
32.14646793316161
32.22070345939399
32.23106150165446
32.291542002377646
32.32288915379264
32.36079533028951
32.44291485040282
32.46557869632727
32.470451299558
32.50542379138705
32.53274562452435
32.5476575729027
32.597812845903064
32.67365621383386
32.6843051493593
32.70450383615154
32.77457560661452
32.81570371272867
32.8730095073664
32.87825816927583
32.924738591388994
32.955301607130835
32.998604331376754
33.02161715869219
33.03662264445073
33.04677694746344
33.099203516794454
33.12666778283224
33.146166661546474
33.18477143650503
33.190391767338774
33.22631014964204
33.28978611504588
33.346530870508744
33.40056899460911
33.47848277854472
33.49293008989066
33.50335592561816
33.57138608502449
33.594861592956505
33.59993081627295
33.64121807298079
33.66093306492468
33.693180642730944
33.742977171764146
33.77089015077427
33.83429946455579
33.9052338178529
33.91515018820079
33.92980565773042
33.964926562593405
33.970352287508625
34.00949773599462
34.0545001244179
34.077959123668116
34.12563935001517
34.14516552415194
34.20572052949508
34.270110976196385
34.300648317581654
34.31081735556296
34.31568083599057
34.343961761455674
34.35960898957761
34.41303943524154
34.47993834991333
34.52111915491656
34.57863035817674
34.612488695397474
34.63128712267812
34.654666512183496
34.66431233863115
34.66951765842482
34.72483399019832
34.76379326342149
34.77887839249695
34.829120840518684
34.885823235956536
34.91349677987937
34.94496093835927
34.98949665275431
35.03583932924006
35.103712140945646
35.10925519172444
35.12006219543015
35.14032261116037
35.164433290971985
35.24036354003034
35.25551672717055
35.318191072805526
35.353091809635394
35.3941249183109
35.477060201245756
35.48202078955199
35.50928696694981
35.51956415038231
35.558347279494384
35.58977167456215
35.609314386174375
35.662244253623896
35.73948207400141
35.754687686452506
35.77886628031021
35.85032321085814
35.85560748271218
35.90038702893489
35.96044755909844
35.97096434885368
36.020560177454705
36.05494164261687
36.10133128430141
36.12834923292908
36.147662146340366
36.16226658020356
36.216927990412934
36.222531986445276
36.254303557088214
36.27841968889106
36.32059644809226
36.331346333163545
36.3707860115775
36.43631030974967
36.49534312024839
36.55170601316829
36.63065035998741
36.63565342847621
36.65511909166568
36.67067717442491
36.740870549060844
36.76864652712183
36.77884436988653
36.82335546690296
36.84727729691369
36.8830077044339
36.93531044730314
36.966722834305486
36.97203217581747
37.03798558834197
37.1110001297031
37.12595828286615
37.14532760498025
37.184046419179126
37.194460419257624
37.23681201626023
37.284629792705715
37.311881637069064
37.362042109998725
37.36765391011109
37.391892524747846
37.45502039605586
37.521702149403794
37.55613198584244
37.571118762091174
37.58097035597716
37.61297186346303
37.632872916896105
37.688567777022286
37.69356186629649
37.76286606859088
37.80765110271611
37.86786141374492
37.90551123782265
37.928762194987215
37.9562713998976
37.97063831384905
37.98068957481267
38.03824733382585
38.08016510605337
38.085448780657
38.10550519426667
38.15887364246372
38.21828997657259
38.25003816642294
38.28529500796445
