7.727267772010661
7.760995773950218
7.766189682301818
7.780908247531797
7.804000134010024
7.806630135232953
7.834847316360967
7.851061975595511
7.858315566104905
7.86311319789712
7.873492477551667
7.906311341000206
7.9091995761107325
7.922218478220375
7.9441555261771475
7.970902865917343
7.985123591701202
7.990018847645043
7.992435688895492
8.000834281629517
8.032959306316016
8.043644987633149
8.063827121308739
8.089181345225773
8.101457935355574
8.104026123324134
8.109669523703074
8.140398441429577
8.148669778011856
8.167047306925804
8.19097880108324
8.201253712803984
8.203922252059618
8.233107953709082
8.238765359667525
8.255171989843001
8.277535844600004
8.285635067806862
8.313005164521714
8.315720901436814
8.329863874816025
8.35038982580315
8.356012496004123
8.382032277477741
8.393482902521951
8.411765504984944
8.414473582330857
8.438765482485636
8.447834603234348
8.464208403799715
8.486251872501484
8.492385067397871
8.506321278346768
8.52633957114531
8.52972430349975
8.541436874116018
8.559665768764233
8.56848663544799
8.584281266824224
8.5902874085266
8.603749230327248
8.607022386967353
8.618258724126921
8.626478143101005
8.631636780118257
8.633688774797601
8.64063948323571
8.652143521042026
8.667871864167031
8.687511055131017
8.710762450023081
8.737341504228194
8.74184248781784
8.772500712219372
8.782088535999263
8.816428455135744
8.83065317783614
8.868293061381797
8.886723184297116
8.927296412450014
8.949518118714176
8.992672596868498
8.997348444266748
9.023989704990923
9.07042249672806
9.080204871157909
9.110757568190705
9.160014312563911
9.17435418228689
9.208325826253857
9.259965247107955
9.278331552368902
9.315244962277804
9.320856517296635
9.375484642004002
9.398409437576904
9.438858951445813
9.449475521513348
9.506560512894277
9.533428896827957
9.576846207920703
9.591821572236915
9.650840208298192
9.6561126468349
9.687352080108592
9.734221246487296
9.753977604471912
9.815480908085371
9.82582996662022
9.860751127498682
9.910422817641642
9.934238459834509
9.99761367040496
10.012291182057625
10.018014190222521
10.056965894821573
10.109839981524138
10.138058956250799
10.203766413948708
10.223116716220671
10.23386467131491
10.27608309978324
10.33142979267497
10.363254930336916
10.368186753367267
10.436545758781604
10.460777427030148
10.476747549108783
10.522524029536571
10.58068049749662
10.616398355577159
10.626473168082844
10.696708148321282
10.724925250221258
10.745195730063127
10.793682860304099
10.799655826230403
10.860834822491775
10.900609300762966
10.91593374834964
10.988319919416485
11.020697372844095
11.045432506717347
11.096879137329486
11.107841701896369
11.171153101183544
11.214032035728119
11.21983267029337
11.240410914334724
11.315111600878913
11.351716493998984
11.380972353043788
11.435513983444453
11.451504280071847
11.517133178537236
11.563257125433964
11.574061260426038
11.598807383573174
11.60425810302934
11.681340624853448
11.722147747770814
11.75588756400104
11.813561805431728
11.83452388549068
11.902552903590495
11.951961142593648
11.967723142558645
11.996636270487365
12.007123661453754
12.085564819765576
12.091511408007046
12.13641561486485
12.174522092492213
12.235281144376295
12.26107716597713
12.331498949586633
12.384141807583406
12.404730193181212
12.437720242405335
12.453112568908153
12.532966335843016
12.538243072350731
12.550140043757665
12.598965036092006
12.641249124353703
12.704968744921795
12.735387714724501
12.808114021444272
12.863861841225138
12.88906802902554
12.925964534164516
12.94605055609209
13.027280913392309
13.032749814859347
13.044045501714914
13.06154954334005
13.114052985658676
13.160258990497866
13.226743804889628
13.261506679822885
13.336373821504507
13.395022308773846
13.424565759557069
13.465123126282027
13.489617244533365
13.495142813835551
13.57863615910859
13.590076209388842
13.606970439430397
13.629679975950165
13.685554939058385
13.735361950141982
13.804347053217775
13.843108138289098
13.919878695612317
13.981150537835662
14.014680183752853
14.02013656324353
14.065038328897193
14.09460115528949
14.106063651643156
14.191513960419542
14.208430687520764
14.23044454725294
14.257897213725261
14.316769895700572
14.369789469601729
14.440938255340386
14.483282819075528
14.561643540363239
14.567911242428362
14.632467277264368
14.670589173439794
14.681961048864832
14.730724246482911
14.76483226897578
14.781660396207815
14.868690954328745
14.890527199931537
14.9171168832583
14.948783157546483
15.010206725680135
15.016174394052758
15.07295011686987
15.146870786670448
15.193348279288616
15.27396058075356
15.28600258639173
15.353335182038759
15.39547060984609
15.412107360823658
15.464178279185978
15.502237750786028
15.523790840177027
15.529359195225636
15.61850910930529
15.645647954260468
15.677224736920927
15.713545083522416
15.778054279322182
15.789798395087272
15.849726779522928
15.925858060631993
15.97583208881602
16.058146507841933
16.07523001442558
16.14474898584449
16.15081335553726
16.197305464820808
16.219497420127784
16.27527406198628
16.317660681470727
16.34428570068198
16.355643282422573
16.446319989594993
16.478001396854822
16.513812619659447
16.554042549851573
16.62096274370206
16.637665492506716
16.644136618056653
16.707529586857728
16.786239033627766
16.84002145039266
16.92444821831225
16.94682520453058
17.018934058674812
17.03067779496251
17.080743201642992
17.107637330705316
17.166349318764617
17.212251718069815
17.218051351423032
17.249883085139004
17.267136043416585
17.3596661072928
17.396073203673602
17.43632480813074
17.4806939689268
17.550337250896373
17.57219090277424
17.58424001317482
17.65027891940518
17.730781055114527
17.787513605285817
17.793552564250895
17.880302356355177
17.908030428116163
17.982927991515094
18.000401539112193
18.05420213319225
18.08591007118218
18.147763615707582
18.197365259284545
18.20878503674837
18.244849609841562
18.26697717116527
18.360529318506845
18.36673256655541
18.40787416144252
18.452593959585535
18.50115000143694
18.57363965195007
18.600650959692555
18.618268355196665
18.68709503952022
18.76957933972159
18.829398631329703
18.840973643707034
18.929137099951042
18.96114157973657
18.96743822398936
19.04516008975553
19.068255472557464
19.125786527143
19.162253164967805
19.22728034787656
19.280589039705166
19.297544353250924
19.337830180812787
19.364792353146147
19.45952292029485
19.47118558796269
19.515951741589436
19.52227493581667
19.571345838672617
19.62398797660971
19.699292494079412
19.73131666788237
19.7543393207049
19.82593209037228
19.910419467687685
19.973293522934338
19.99025249614454
20.079886005199437
20.116082515742647
20.127769110853833
20.13405595211416
20.214500078391666
20.242976377818348
20.3040925484945
20.345122139929682
20.413207482120292
20.470082089667972
20.492341401514203
20.536683680083605
20.568286012438882
20.664184377237607
20.681082809470404
20.729342623538695
20.735534043453193
20.74817380229192
20.801351798422793
20.857849037560637
20.935800744706746
20.97255995283925
21.000690145845642
21.074882964402004
21.161245242025053
21.226992995371265
21.24903808513223
21.34003916388745
21.380188772699363
21.386229424292413
21.403991670254136
21.416552696825327
21.49949035213247
21.532984422970728
21.597410847508634
21.642678104707002
21.71356999700759
21.773731934326236
21.80092813689755
21.849020489574805
21.884925743058353
21.981826577653987
21.987664718628526
22.010408134585443
22.062874090100944
22.075302965891897
22.093784307867775
22.15070215055628
22.210697062085327
22.290996100567657
22.332083223413527
22.364892298188913
22.44137892328916
22.529343112293517
22.597638584871643
22.62433009477473
22.63089108292108
22.723994348355998
22.76871734409872
22.780964114219334
22.80427232102124
22.82256391104816
22.907636440974784
22.94565929058441
23.0129881648869
23.062034664130383
23.135341927435075
23.19837160268286
23.229998189333113
23.23625663976775
23.288632023837774
23.32935906459359
23.42795997384437
23.439978037177237
23.467981452400114
23.524145229544192
23.5421963200351
23.56591836331768
23.626074744150213
23.689072535392256
23.77127595664055
23.81614326316307
23.822056763777233
23.85995054682084
23.939268216791717
24.029418461642315
24.100810970958953
24.13260589751919
24.145201627700924
24.23993591888448
24.288630930510504
24.306394064319793
24.33458464020776
24.357927028976977
24.444627411994663
24.48654518359894
24.493043015450656
24.56370110186907
24.616920680825405
24.693116400682182
24.759475473733882
24.79592730184002
24.808203697672656
24.864214066017524
24.90907996271254
25.008846038437266
25.026276944503397
25.05881097941194
25.118012893907647
25.124081230301606
25.147967473585844
25.177171764455522
25.24091799586135
25.30729154488435
25.39183705837923
25.44083849741175
25.45275765420458
25.49498049178317
25.57647699376949
25.668183953311132
25.741989095364552
25.778093065201897
25.79587281034201
25.802445283868938
25.89915578456648
25.952059226218463
25.975506310315836
26.008787040808187
26.03738820015004
26.126104270917523
26.17220026804754
26.184569299937024
26.25781110148912
26.31440537904728
26.392744558801375
26.46165498266917
26.467722533796643
26.50911072989754
26.52746348747009
26.587293423734472
26.636464679491365
26.737718315635775
26.76067937358125
26.797912839423503
26.86040380868678
26.872339458636826
26.901122241808178
26.934875813356395
27.00136137277723
27.070258509195824
27.076756244545628
27.16381299175831
27.217033778372983
27.23495598330349
27.281594927603475
27.365470731676485
27.458971964674216
27.535390560591495
27.57591570728414
27.59895405925129
27.61126525574749
27.709125843882447
27.76528648444128
27.771212466716126
27.80027520582725
27.838611848594812
27.872433528989085
27.96329367588569
28.013592703582294
28.031777694741226
28.10771700669109
28.167764949031845
28.248392894548626
28.319984415238252
28.331794626485078
28.377077375696373
28.400392868283582
28.40668100904398
28.47029097281674
28.52370688623904
28.626531442602523
28.654907096297205
28.69676922864856
28.76255230431752
28.780232744897567
28.81384146267511
28.852094491533737
28.921363511517782
28.9928426517987
29.004959981648426
29.093524470685743
29.100145527033757
29.15746205990754
29.18117642286762
29.232101851640504
29.31833112076276
29.413632010384074
29.4926304764404
29.537454845113032
29.565590014872924
29.58345619859844
29.682514650441796
29.741877011290807
29.753433797803186
29.75939117480873
29.793811914400873
29.836975463844244
29.87578109749874
29.968703249281113
30.023020968515407
30.04675761859582
30.12528675284862
30.188643558140985
30.271474410142293
30.345642252452123
30.362937973480115
30.411951235573298
30.440012719633135
30.4462427692997
30.45901638466303
30.526178181110698
30.583586772422045
30.687863389937455
30.721342017132493
30.76755989702344
30.83642838061491
30.85952365669335
30.897673658784377
30.940157164406223
31.01202579330934
31.08591247020909
31.1033223411361
31.109798808217995
31.200725258186537
31.21373777139624
31.27484200191686
31.303953855035054
31.358844553029428
31.447200858835156
31.544100769367205
31.625437527053215
31.674231604446582
31.70709219605456
31.730117023245718
31.830192774678736
31.892473984407562
31.89917141567535
31.91693236128534
31.929306093708092
31.968650934037843
32.016231023726576
32.05959931875043
32.15430515529391
32.21226223266055
32.241091326863376
32.321895872562564
32.38820783437165
32.4729397842427
32.5493600115347
32.55528929985139
32.57856205963274
32.63189993019356
32.66526576474412
32.67782257507923
32.69652527542975
32.76682489319952
32.82778573274335
32.933196563423174
32.97127324730703
33.02137472106448
33.092915301861964
33.12089088054479
33.16308648313478
33.169185659001435
33.21638154527799
33.2914266994195
33.36832110454728
33.391493332892125
33.4042082786562
33.497078799919784
33.515857792040464
33.58024922357908
33.61417177977179
33.6725066748695
33.76255486448064
33.860638954098185
33.94385600993518
33.95010233414626
34.00328933574305
34.04127290441423
34.06984457880819
34.171545395243285
34.23727082172034
34.2501197223454
34.27340564250652
34.29149898630657
34.335138731909815
34.3865243645346
34.43382972076484
34.52982517581147
34.59082722714843
34.59719868970602
34.63141632503865
34.71494401881578
34.7846358398858
34.87175741270446
34.950912271706294
34.963028799112294
34.99154830070964
35.04855492761218
35.08651196186062
35.10462281371493
35.12849317815853
35.20130003495186
35.26515295408346
35.27162825906722
35.37859716307755
35.421532030533065
35.47582255325536
35.55041101307216
35.58354216514082
35.63011042117642
35.64231376802538
35.693484278677566
35.7710354530199
35.85026582274367
35.878381056453186
35.89648130572977
35.99064726479673
35.9972058153479
36.02187429963047
36.0898080493725
36.12872851744734
36.19077153773267
36.28287167663022
36.38253404596569
36.46799947308666
36.480268037133285
36.537054146224094
36.57931944240774
36.612564411361376
36.71520153850259
36.78357999614658
36.79020187957463
36.80923776932408
36.838122341803974
36.862006183110424
36.910090003051195
36.965461971277044
37.01688586917055
37.11449216754244
37.17878013088907
37.19109300263537
37.22978225265962
37.315237095732044
37.38746739745491
37.47617397790652
37.48283995092632
37.56486861758149
37.583144469924484
37.616935451327706
37.67772018649759
37.7203374525772
37.74402912636089
37.77311923276489
37.848624494674965
37.915547572927224
37.92788452124886
38.03561151540111
38.08242580150615
38.13994606322565
38.14663753733263
38.22433132480558
38.262574376864265
38.313515088557054
38.33174022950822
38.38691392915633
38.467077650251035
38.54876361330052
38.58181579621495
38.605277912862896
38.70092516955444
38.7132666274356
38.74273226173108
38.81321811404642
38.8199171410365
38.86373058047707
38.92944427676319
39.023644773299374
39.124960609778675
39.212719233547155
39.23086935883605
39.29123828986774
39.3377381803439
39.375593062448026
39.479293344946214
39.55036926578665
39.56269631617133
39.58673502454474
39.59342428218542
39.62770887043046
39.65717674001912
39.709567272345964
39.768812913734045
39.82423791949516
39.92346487751093
39.99096670705091
40.009018084531206
40.05205147844573
40.139435191670536
40.21417712190008
40.30449154990843
40.31678591167575
40.323448689534224
40.408226384703475
40.43237304372895
40.47119192198762
40.53558640015017
40.58265198148937
40.61166709149783
40.645738173703016
40.723829711794316
40.79369280738121
40.81162226196806
40.92009396942664
40.97061881669805
41.03123303241163
41.037853217845225
41.051067728640035
41.13166875324009
41.17472460690598
41.22977495451778
41.25367589454063
41.312606994759925
41.395206266865515
41.47917791944281
41.51687230740431
41.545379511393
41.64238450622106
41.660169404929746
41.69414116486088
41.700703229174835
41.77453044304984
41.78769468417836
41.836050842801555
41.90514416339401
42.0012305321851
42.10400570932778
42.19382939445144
42.21745146769318
42.281106446412494
42.331509431473705
42.37362178457167
42.47820790120581
42.551719990433575
42.55820897521057
42.57679423130042
42.606440284948086
42.61953780028946
42.65878301493081
42.69338315507117
42.74968928344145
42.81243585161548
42.8714795066222
42.97206028810615
43.042426026967235
43.06573619959845
43.11270016084222
43.20171628395646
43.20811778756197
43.28600690972132
43.378624853758026
43.39705740464743
43.41007231929048
43.49722745016372
43.52671279517956
43.57006507776312
43.63764111724098
43.6886802260369
43.72249546906556
43.76103650451749
43.84131810464522
43.91370230440363
43.92000246867087
43.943930262112325
44.05380838607433
44.10857090761531
44.17285094627118
44.18576795320536
44.20487952357679
44.28793687079897
44.335253505597464
44.39389069742016
44.42286030395558
44.4850314548362
44.569608777252434
44.65540976105792
44.66159525815549
44.70431102197246
44.738234406833556
44.83716486723206
44.860769116842796
44.899682449022876
44.912486795988166
44.98912189893965
45.00805465677438
45.06034580686037
45.13226189938275
45.229744570238005
45.33350331134749
45.42487833268981
45.4309363521751
45.46029542963564
45.52762148231003
45.58229258867791
45.62902075286808
45.73503083871239
45.811451110241784
45.82412858674173
45.84822529445125
45.88275612908966
45.90149079363597
45.94498926187285
45.98399692249997
46.043545784427344
46.109132051226425
46.116004078966334
46.17896236726054
46.281315660198835
46.3548981121645
46.38370991834652
46.43492363577432
46.526016366013344
46.538553290495166
46.61893013562462
46.71322462104311
46.73696679493813
46.75548455454468
46.84435636335809
46.87836119825042
46.88507827780829
46.93314343629196
47.0041561979907
47.05939262951288
47.09819883992562
47.14142567922259
47.224235832794534
47.29947186236305
47.31185506956828
47.340910117069605
47.451542128327866
47.50973699991993
47.57689470370673
47.595177201768045
47.60172778391964
47.626778590954665
47.71251323216157
47.76422826757188
47.82663060560702
47.86078019083909
47.92640135322856
48.01323712217893
48.1011627231097
48.11337955159853
48.16022463561049
48.19863999963315
48.29873363871791
48.32718741927989
48.333560430560695
48.37743785873089
48.39644742091424
48.476030601380565
48.50072966183224
48.55705098785502
48.63194646426258
48.73105928406328
48.83606207997655
48.92922664308487
48.9412649229368
48.97536261956406
49.04545087291984
49.1034373512536
49.109622181809016
49.160939241944476
49.26851013272062
49.34790544062401
49.36667854727794
49.396232068267615
49.4356288222527
49.459948671570906
49.50772221231938
49.5511561609788
49.614029499160395
49.682562169055196
49.69523863310175
49.76111786520687
49.86434164636054
49.871281397612094
49.94806249043575
49.98224656215765
50.03764626104867
50.13086353007133
50.14938396515165
50.232282156740716
50.32833056537539
50.35728133993436
50.38119456182861
50.47186832606943
50.51034119074759
50.52281191867512
50.57448303237071
50.58121031460292
50.655567206372595
50.714872039076475
50.75850234144248
50.80626512349337
50.891563615998784
50.96959690906843
50.98784887226702
51.021866544368265
51.13330837785737
51.19485953534221
51.26484852632529
51.288327726108754
51.300581746154215
51.30708709007617
51.33779765371673
51.42609368669296
51.48200565239204
51.54800382262423
51.587093830697604
51.65601245289627
51.745014206535615
51.834979171411
51.85294726493826
51.90373723097887
51.94644253547713
52.047664291510806
52.08074876476468
52.087023125630886
52.10000781057064
52.14855790028862
52.17341846386624
52.25575762667002
52.285889229822864
52.34599300903156
52.423671900863965
52.52428556096807
52.63042158871431
