37.932278681848004
37.932278681848004
37.95645542815555
37.95645542815555
37.95645542815562
37.97820384051504
37.97820384051504
37.9988666322246
37.9988666322246
37.99886663222553
38.01472528389573
38.01472528389573
38.01472528389581
38.04223767202792
38.04223767202792
38.0685364629538
38.0685364629538
38.09489492858936
38.094894928590385
38.09489492859048
38.094894928590485
38.094894928590485
38.12136136375417
38.14228996283022
38.159306701791294
38.159306701792445
38.159306701792445
38.159306701792445
38.15930670179255
38.17352357713128
38.19539474345762
38.19539474345762
38.22069736094544
38.22069736094544
38.241044799263285
38.24104479926339
38.24104479926339
38.25646400591803
38.256464005919284
38.25646400591929
38.2845225453529
38.2845225453529
38.28452254535302
38.31183436720578
38.335745449949144
38.33574544994915
38.33574544994915
38.358951885036355
38.35895188503773
38.3781926425602
38.378192642560336
38.378192642560336
38.37819264256034
38.393139785158894
38.416825148925554
38.41682514892711
38.41682514892711
38.41682514892726
38.416825148927266
38.442980128697535
38.46824436638624
38.46824436638624
38.49285494766053
38.51181521198194
38.5118152119821
38.51181521198211
38.51181521198211
38.51181521198382
38.528842518790995
38.55624966295885
38.57949642428646
38.57949642428646
38.579496424286475
38.601924980745665
38.60192498074584
38.60192498074774
38.60192498074774
38.60192498074775
38.627844692505235
38.65209670049179
38.67170949066886
38.67170949066886
38.67170949066906
38.686824410111264
38.68682441011128
38.71375230101222
38.71375230101222
38.713752301014274
38.713752301014495
38.71375230101451
38.738606662030016
38.738606662030016
38.76250683911935
38.78420525748132
38.800632494015424
38.80063249401567
38.80063249401567
38.80063249401569
38.82347272597869
38.834559772870044
38.856755702831556
38.85675570283156
38.85675570283158
38.8805721274855
38.88057212748577
38.9005797891641
38.9005797891641
38.915498200442
38.91549820044202
38.92543419409133
38.94581812614597
38.94581812614597
38.97331170822766
38.97331170822796
38.973311708227975
38.995997460677636
38.995997460677636
39.016090660296975
39.03508074743643
39.03508074743676
39.03508074743679
39.03508074743679
39.04674960059052
39.075633494162524
39.101178019905184
39.12689530859077
39.12689530859077
39.12689530859078
39.12689530859115
39.15284062666026
39.167243857016736
39.167243857016736
39.178636849390294
39.17863684939032
39.196451785834604
39.196451785835016
39.196451785835016
39.22247017500067
39.24094206725942
39.240942067259446
39.25405196085659
39.25405196085659
39.28126698234748
39.28126698234793
39.307756642018525
39.30775664201856
39.30775664201856
39.33058191245048
39.35273188658337
39.36468716687463
39.36468716687513
39.36468716687513
39.364687166875164
39.37934263956385
39.406817258438174
39.43267390049623
39.43267390049623
39.45765796598835
39.457657965988396
39.457657965988936
39.474522803274745
39.474522803274745
39.48934332755339
39.515764199063646
39.51576419906369
39.537676063130505
39.537676063130505
39.53767606313111
39.558783874873185
39.58386427737701
39.58386427737706
39.58386427737706
39.60720282976163
39.618623806359366
39.61862380636003
39.638940464880264
39.63894046488027
39.63894046488032
39.66557269877615
39.690020570154594
39.70936655271022
39.70936655271022
39.70936655271096
39.70936655271102
39.734709024138574
39.752014317324246
39.75201431732425
39.7733223409929
39.79929492153019
39.799294921530254
39.79929492153107
39.79929492153107
39.82154679975359
39.843127076713515
39.86155465395175
39.86155465395182
39.86155465395182
39.875161891504185
39.90256317058521
39.90256317058609
39.92871440194526
39.95416360858478
39.954163608584786
39.95416360858486
39.977056674226354
39.998806981289036
39.998806981289036
39.99880698129001
40.015500298837594
40.01550029883768
40.044460707397796
40.0444607073978
40.07214364521452
40.09988939851511
40.09988939851618
40.099889398516275
40.09988939851628
40.12774880395174
40.149778908242325
40.16769126504346
40.167691265044674
40.167691265044674
40.16769126504478
40.182656396980285
40.20567867732376
40.23231301152146
40.23231301152147
40.253731367645514
40.25373136764563
40.269962111492625
40.26996211149393
40.26996211149394
40.2994974161609
40.299497416161024
40.32824670232183
40.353416263104315
40.35341626310432
40.3778440895119
40.37784408951336
40.39809751848438
40.39809751848451
40.398097518484526
40.41383135279879
40.43876331465845
40.438763314660086
40.43876331466024
40.43876331466026
40.46629487231317
40.492888806722334
40.518794681747906
40.538752854717806
40.53875285471798
40.53875285471799
40.538752854719796
40.55667633556947
40.58552596100932
40.60999623609103
40.60999623609104
40.63360524289019
40.633605242890376
40.633605242892365
40.63360524289238
40.6608891500054
40.68641757946494
40.70706262175659
40.7070626217568
40.722973063275084
40.7229730632751
40.75131821159188
40.75131821159405
40.75131821159428
40.751318211594295
40.77748069687364
40.80263877802031
40.825479218401355
40.84277104633201
40.84277104633227
40.84277104633228
40.866813395767025
40.87848397144214
40.901848108243726
40.90184810824375
40.926918028932086
40.92691802893237
40.947978725435874
40.96368231625472
40.96368231625474
40.974141256938196
40.99559802752207
41.02453864023965
41.024538640239946
41.024538640239975
41.04841837966067
41.06956911610208
41.08955868151204
41.08955868151238
41.08955868151241
41.10184168483212
41.132245783328976
41.159134757794924
41.186205587990266
41.186205587990294
41.18620558799068
41.21351644911605
41.22867774422813
41.24067036777925
41.24067036777928
41.259422932457475
41.2594229324579
41.28681071052711
41.30625480764157
41.3062548076416
41.3200546956386
41.34870208668164
41.34870208668211
41.37658593896695
41.37658593896698
41.40061253942163
41.42392830166679
41.43651280723654
41.43651280723706
41.436512807237094
41.45193962059351
41.48086027204017
41.50807778999602
41.53437680630351
41.53437680630355
41.534376806304124
41.55212926660498
41.56772981847736
41.59554126217236
41.59554126217241
41.618606382242746
41.61860638224338
41.64082513144556
41.66722555513359
41.66722555513364
41.691792452380554
41.70381453300975
41.70381453301045
41.72520048934763
41.725200489347685
41.753234419764354
41.778969021215374
41.79933321337915
41.799333213379924
41.79933321337998
41.8260094990932
41.84422559718339
41.866655095781965
41.89399465424227
41.89399465424234
41.893994654243194
41.91741768395111
41.94013376496156
41.95953121468602
41.95953121468609
41.97385462263598
42.00269807430025
42.002698074301186
42.0302256862582
42.05701432482612
42.05701432482619
42.08111228865935
42.10400734872534
42.10400734872636
42.12157926193435
42.121579261934436
42.15206390252404
42.18120383706795
42.210409893173825
42.21040989317496
42.21040989317506
42.23973558310713
42.2629251665709
42.281780278993146
42.281780278994425
42.28178027899454
42.29753304945296
42.3217670287618
42.34980317002253
42.37234880804785
42.372348808047974
42.38943380157112
42.38943380157251
42.42052359595878
42.42052359595891
42.45078600244398
42.47728027695185
42.50299377843352
42.502993778435055
42.524313177351914
42.52431317735206
42.540875108209185
42.567119278587846
42.567119278589566
42.56711927858972
42.5960998655928
42.624093480760344
42.65136282289253
42.672371426018735
42.67237142601892
42.672371426020824
42.691238247967796
42.721606274746584
42.74736445904312
42.77221604514749
42.77221604514769
42.77221604514979
42.80093594737413
42.827807978384165
42.84953960184906
42.84953960184928
42.8662874350263
42.89612443325449
42.896124433256766
42.896124433257015
42.92366389144597
42.95014608212667
42.97418865094873
42.992390575086226
42.992390575086496
43.0176983113336
43.02998312783371
43.05457695604592
43.080966346244175
43.08096634624448
43.10313550045869
43.11966559605748
43.130675007303275
43.15326108160201
43.18372488446262
43.18372488446295
43.2088614522742
43.23112538537042
43.25216703317038
43.25216703317075
43.26509651034941
43.29710082455663
43.325405008204996
43.35390061893694
43.35390061893735
43.38264889380616
43.39860815181889
43.41123196608323
43.43097150784975
43.4309715078502
43.459800747923076
43.48026821856989
43.494794416461474
43.52494956492783
43.52494956492833
43.55430098838606
43.579592146759374
43.60413505438586
43.61738190235402
43.61738190235457
43.63362065325608
43.66406344425257
43.692713463153474
43.72039663821399
43.7203966382146
43.7390834385313
43.75550507208107
43.784780275970554
43.80905934972881
43.80905934972949
43.83244750678442
43.86023742645621
43.88609731829507
43.89875214001002
43.898752140010764
43.921263672997156
43.95077307343577
43.97786212759475
43.9992981193461
43.999298119346925
44.02737842009769
44.046553260192624
44.07016325871745
44.098941741307264
44.09894174130817
44.12359756205335
44.147509226274884
44.167927594405896
44.183004865932105
44.213366393999785
44.21336639400078
44.24234282763975
44.270541394553355
44.29590767227247
44.320007735499836
44.32000773550093
44.33850448624619
44.370593581603664
44.40126719691306
44.43201041386663
44.432010413867836
44.46287956116476
44.48728964902137
44.50713713578164
44.50713713578299
44.52371899942346
44.549228451327615
44.57874017897051
44.60247242952348
44.620456633232074
44.62045663323355
44.65318273258753
44.68503789730867
44.71292660731698
44.739993450981906
44.739993450983526
44.762434923527614
44.77986853495619
44.80749397745995
44.80749397746178
44.83799985851767
44.86746682185194
44.89617139251742
44.918285711597655
44.91828571159968
44.938145524175596
44.97011186815329
44.997225746360186
45.023385310680595
45.023385310682826
45.05361678670827
45.08190313513991
45.10477852826088
45.12240782634205
45.15381519289807
45.153815192900495
45.18280409625736
45.210680086447596
45.2359880536287
45.25514797377354
45.28178769613894
45.29471908192857
45.32060732215198
45.34838562762385
45.37172157942833
45.38912168005867
45.40071053400157
45.4244853490529
45.45655250995883
45.48301205502336
45.50644777407205
45.52859687701942
45.542206852997
45.57589560479411
45.60568948231875
45.63568486203664
45.66594620400386
45.68274542296467
45.69603364850613
45.71681211352357
45.74715868202144
45.76870338796551
45.78399412258829
45.815736384131874
45.84663261935059
45.87325489132257
45.89908953092945
45.913033581422305
45.93012700342391
45.96217204657818
45.99232996121078
46.02147014548507
46.041140461607974
46.058426391660554
46.089242395754816
46.11479931550041
46.139418428189906
46.16867097521279
46.19589191399062
46.2092127789538
46.23290912946602
46.26397165624359
46.29248645009517
46.31505065193875
46.344608863255445
46.36479290546074
46.38964553548697
46.419938675055285
46.445892170576634
46.47106234344152
46.4925553625269
46.50842617465989
46.54038567788908
46.57088718698286
46.6005698889973
46.627271233964905
46.65263972157277
46.67210998551527
46.70588798062855
46.73817599674382
46.770537277747714
46.80303111700778
46.82872594633068
46.849618037657415
46.86707263096333
46.89392468559947
46.92498966206584
46.94997097843755
46.9689017191836
47.00335024481954
47.03688199715776
47.06623853400878
47.09472994839309
47.11835255107127
47.13670372099627
47.16578313415835
47.19789458790162
47.22891244404318
47.25912778158601
47.282406012196994
47.30331107806652
47.33695986120118
47.365500785629735
47.39303716912514
47.42485977546814
47.454634879080665
47.4787142402609
47.49727139613597
47.53033178198467
47.56084641709745
47.59018956466642
47.61682953012051
47.648939242061346
47.672568938173214
47.700523419373596
47.73353412351163
47.76230799637393
47.79022161471952
47.81452389044644
47.83903591193143
47.86736847353351
47.89986278906674
47.93145320409969
47.96126137650439
47.99127184720823
48.01990897516901
48.04377131972358
48.07924011564581
48.114118182363434
48.148951166435815
48.18379345538468
48.21205809789303
48.236979167014276
48.26185875205008
48.28482912796574
48.31770105087103
48.347949056415
48.376301375625424
48.40144373562935
48.436131812771116
48.472074147913226
48.50414136015036
48.53527153683702
48.561659219813
48.585683203317366
48.6142514099143
48.64834020744018
48.681264946778036
48.71330009907113
48.743963247558696
48.77067518023542
48.79644833154782
48.831370746390476
48.86275264175025
48.89306654243951
48.9273367302418
48.959544200683254
48.986221139757035
49.01189138325488
49.04249411908469
49.07491371565297
49.10609267263456
49.13714677057372
49.168119252777366
49.20200418451892
49.22881057159881
49.259613341349024
49.295105426853446
49.3264564717888
49.35687224752435
49.38373722232074
49.41067941086867
49.44112702760906
49.475402164851154
49.50869036980337
49.54015511647018
49.57298704863836
49.60594584390507
49.63748934432811
49.66438426063578
49.70219082274193
49.739319743684014
49.77628740018202
49.813143451007015
49.84362826142418
49.87128303792584
49.8998139075696
49.92820189810093
49.95725654444268
49.99043907007046
50.02360553369937
50.0548601363135
50.082952388540264
50.11999822994869
50.15811879875612
50.192439185050354
50.22574855153357
50.25442967067902
50.28238812324272
50.311240979559834
50.34685705322118
50.38123601005402
50.4147460146097
50.449593833501574
50.48302697663964
50.51259325338213
50.54115251407036
50.57828641598528
50.61193765709126
50.64445310518909
50.68060377483499
50.714669536528376
50.74426858138164
50.77433441102576
50.803338022547315
50.836919767634264
50.87211789565649
50.90602585698288
50.939701695208285
50.973184520079165
51.009316698885385
51.038604769264
51.07156787134767
51.108862227992375
51.14209691461998
51.17431530573225
51.20556781764762
51.23569349701805
51.26578454974493
51.299095871264925
51.33593151698321
51.371715800547655
51.40565204226693
51.440769350084565
51.47588739056496
51.50953906319362
51.53865066958284
51.578002331692126
51.616582107826105
51.654878414449
51.692936263945455
51.72729481407955
51.76062949765952
51.791163592879606
51.82241595637322
51.85341657631405
51.88493249870698
51.920249849842136
51.95542982581825
51.98866933441455
52.01877830431509
52.05726474868623
52.09664159666828
52.13227550923411
52.16687385025419
52.20288131078603
52.23437966923999
52.265077255797365
52.29650829131366
52.33424612842584
52.37068840521997
52.40618280955305
52.442823677406096
52.47799402726299
52.509362138685795
52.54130662463831
52.57793612138773
52.61278573695564
52.649076575742576
52.68420819682013
52.7226788461571
52.75905239739632
52.791064104132104
52.82339874044545
52.854601676740586
52.890029146103174
52.9268653604198
52.96234694874849
52.99747688017746
53.03229011337562
53.069484678712726
53.105978386456954
53.138036028521256
53.17347034935612
53.21290275038187
53.24835981801225
53.28273069795547
53.31606120094864
53.34819631200594
53.38017149306971
53.41507673698726
53.453198714653155
53.490188318626984
53.5253833170045
53.56196285407389
53.59955164895774
53.63702639337661
53.67299132499385
53.70452438824116
53.745664631728786
53.78594861856607
53.82583822722999
53.86537407760611
53.90126620316705
53.93605407437135
53.96994886601806
54.00340207149175
54.03742673282037
54.071099367065585
54.1051466705564
54.1426884402696
54.17998076394583
54.21530862995686
54.24753937117908
54.2876034755246
54.32838607601378
54.36548332602016
54.40146502198636
54.43865139672889
54.47414639539293
54.50840082196404
54.541781551519556
54.575744091032384
54.615581096759804
54.65406827028486
54.69153383469952
54.729965303138464
54.766874411558994
54.8000438685303
54.833631174107175
54.87153732542712
54.907618442955076
54.944932319118955
54.98204001295719
55.02011127602962
55.060277632609704
55.098815640058824
55.1330907585532
55.16755143715534
55.20081366544558
55.237963726669875
55.276324458184035
55.3132684680576
55.34974636196807
55.385789110475784
55.42395757726629
55.461321392193426
55.50005433587398
55.53460770537694
55.57225178478309
55.61357483996518
55.65100003616848
55.68726994367093
55.722425938326026
55.75631858546605
55.78992937756057
55.82619158565835
55.865375299361176
55.90334659347475
55.94064896332977
55.97829756260419
56.017146346034544
56.05683675317588
56.096299570848394
56.134206727857276
56.16778014783903
56.21035477688435
56.25198817344698
56.29311691929604
56.333777374405344
56.37084181569779
56.40672045947434
56.44409359357015
56.48050780468235
56.516387370985896
56.552692634626055
56.58854421205591
56.62463036308896
56.663912766260786
56.70283254950983
56.739758269643296
56.773611684131005
56.81477452124704
56.856485395799616
56.89455836579997
56.93198510694362
56.970383818966745
57.0098118484894
57.0475158918351
57.083922133986825
57.11937700024503
57.15526108902929
57.19660026345649
57.236529252658784
57.27535765425916
57.31497136460202
57.353004265041534
57.388968037125935
57.42481123739049
57.460938325095896
57.501053220044874
57.53931718171463
57.57863303045048
57.617631662388526
57.65742220409715
57.69907743880642
57.7390579038295
57.774858566891865
57.810703208009535
57.845274743672626
57.8834028424938
57.92254187281228
57.96155293368712
58.00075796837397
58.03940308991526
58.077515634610236
58.11752630947546
58.15664912164991
58.19694699379422
58.233146461549474
58.27215207064417
58.31452042203237
58.35305124371542
58.39034767126271
58.42783638205746
58.46546301854704
58.50177450078367
58.537701185983245
58.57602759301964
58.61700819038439
58.656713604508376
58.695657983338435
58.73480352231034
58.77495924998687
58.81578227771377
58.85625456905043
58.89511214488353
58.93258989747908
58.97272444843443
59.01469729623552
59.05683945687835
59.09979553017718
59.14218556985532
59.18103609133474
59.21863462419168
59.257525237734185
59.295374957013216
59.33258458587847
59.37006416093919
59.40697595150058
59.44442759231094
59.483861910283565
59.52439658264515
59.56538058127145
59.604351286809724
59.64028224708758
59.6830339536788
59.72618091184471
59.76574426938659
59.804563882439936
59.84417477657064
59.88462913855551
59.923309009163006
59.96071976842477
59.999555670704
60.03737311818432
60.07548161300889
60.118653630099836
60.16036503836212
60.20090780300327
60.24207134423864
60.28160563927022
60.319044546736066
60.35623692780835
60.39356472261092
60.434544330233265
60.47362659401789
60.51356681182954
60.5540042654075
60.59508095922705
60.636791300977684
60.680152309327674
60.721799340322185
60.75935042987049
60.79681595652287
60.83294244945703
