7.803760071722104
7.841513984172767
7.846707892524367
7.861426457754345
7.884518344232573
7.887148345455501
7.915365526583516
7.931580185818059
7.938833776327455
7.9436314081196695
7.954010687774216
7.991067351760807
7.9939555868713335
8.006974488980953
8.02891153693773
8.055658876677926
8.069879602461786
8.074774858405627
8.077191699656076
8.085590292390107
8.122176159748202
8.132861841065333
8.153043974740923
8.178398198657957
8.190674788787756
8.193242976756316
8.198886377135256
8.234310918726639
8.242582255308918
8.260959784222866
8.284891278380304
8.295166190101051
8.297834729356683
8.331963192969132
8.337620598927574
8.35402722910305
8.376391083860053
8.384490307066912
8.417063311111256
8.419779048026358
8.433922021405568
8.454447972392694
8.460070642593667
8.491567168624613
8.503017793668825
8.521300396131817
8.52400847347773
8.554065367903416
8.563134488652128
8.579508289217495
8.607620172941235
8.613753367837619
8.627689578786516
8.654095676871378
8.657480409225817
8.669192979842085
8.694145880054815
8.702966746738571
8.725839278709065
8.73184542041144
8.752757663890222
8.756030820530329
8.775109706824804
8.79158444067771
8.80543288283059
8.816632040810573
8.825157981109967
8.830985736072284
8.834089205248546
8.904647064245937
8.973015970318784
9.039188287161123
9.10315716995437
9.164916580054529
9.224461298947066
9.281786941435268
9.336889968027794
9.389767696492575
9.44041831254574
9.488840879645615
9.491337385405991
9.496707588688992
9.504696294739874
9.515060844754208
9.527570531574447
9.542006045196668
9.55815894655389
9.56079773420332
9.579165416828296
9.584582661134787
9.604830054354466
9.612662000886687
9.634469872330332
9.644370209906464
9.64712738584414
9.670893823267987
9.683235591143985
9.688678524523903
9.713967148329687
9.728288993262982
9.735943410709293
9.73879481603224
9.765897135810727
9.782468062129968
9.792591612477073
9.798038656032642
9.826410139312117
9.844662628471413
9.847583911758742
9.860311210260306
9.868482475991335
9.89831819394108
9.918426727989138
9.923856144053373
9.938486511082514
9.941453200485794
9.952360246490851
9.983734818664814
10.005754400623395
10.013714232392305
10.030299997219016
10.035689956867653
10.038677531139026
10.052220586346502
10.085093783661469
10.108965222693172
10.119364910281757
10.137843813885539
10.145570890997764
10.148554849106501
10.154613997278219
10.170586590044026
10.204807998162206
10.230362396644415
10.243002811069493
10.263202219234955
10.266158148244571
10.27676195423789
10.282745331895388
10.291535070287441
10.309626943440161
10.344939023561354
10.371900785642897
10.374804426544294
10.39012053100251
10.412503064391412
10.418389026182615
10.431424589156874
10.439954284473352
10.451033020744251
10.453860331965531
10.474402400393076
10.51118895501957
10.539927299642498
10.545694358456855
10.563136559838188
10.587174580519406
10.589901798859326
10.598897725844143
10.614571023967088
10.625848254893665
10.639430872332044
10.645057758671758
10.66739614780505
10.705048679751204
10.708403147409896
10.739045915921151
10.74775044244186
10.767430078533295
10.793258745074056
10.79872446398419
10.810027118780797
10.81323789434369
10.831523024992366
10.845516402168766
10.861583606416856
10.869975807662176
10.894126143037347
10.932706419908587
10.935750484272596
10.94238914097588
10.974836283748603
10.9863258522719
11.008124716751519
11.035647320252842
11.04370653499752
11.046561351659859
11.060809385179683
11.067254883100382
11.08790488031374
11.104360715478837
11.122668862589023
11.133567137417725
11.159316257624798
11.162724733540527
11.202832170914803
11.209064235598008
11.218594290650973
11.252524662895803
11.266426753327677
11.290003278652417
11.293180489557963
11.322846132235423
11.333905813059962
11.339904629492846
11.35660939996402
11.36578327300484
11.38833207546482
11.391256737216226
11.410473940077528
11.431335386001557
11.445041015444609
11.472737552131356
11.479092150521133
11.52019153464145
11.528989215755034
11.532414524841975
11.54500402848439
11.580657706117215
11.597167389685662
11.622749687294043
11.628833591794205
11.65996154546222
11.663094042334116
11.677205808162826
11.686393997630935
11.705636049722775
11.71760594176096
11.742163221447745
11.747957811573658
11.769109627736071
11.772710076483278
11.796089091567517
11.81255368250923
11.842192183525896
11.851437362496377
11.89357060409577
11.90489676782673
11.908165370653915
11.915053122270772
11.930530917353586
11.96780264505728
11.986769477349604
12.014236147720483
12.023059180591195
12.055552904012936
12.05925719699231
12.065826058510531
12.082708674635045
12.094796236013803
12.116316225997188
12.130807863221635
12.157136683305891
12.160471503602274
12.169646172525342
12.193294198679528
12.200151275732189
12.2256797192405
12.244520089031475
12.275755226938838
12.287495211582534
12.291234011030326
12.33489330546186
12.349169295193635
12.355672863727268
12.365495748359479
12.383359184071733
12.421805773810867
12.42513903758136
12.44687060251306
12.476561063132284
12.488422925687267
12.522653628982715
12.529414905577674
12.538776923606003
12.557815301796712
12.561521490457373
12.576684184552388
12.600691200568118
12.61790358924825
12.646242421206523
12.652616904681738
12.664418048655657
12.667684338338274
12.693913149383063
12.704074790454811
12.731857222113938
12.753167754103892
12.786133882428283
12.800458997634985
12.80706120610328
12.810670118057368
12.855879495419936
12.873058470394549
12.882736128247311
12.895448382080678
12.915679185756776
12.955342811909254
12.958479276436705
12.965465681461293
12.989815012457923
13.021608550131075
13.036346906435892
13.07221639558064
13.081869428393372
13.093871448297914
13.097321067906487
13.119200504539123
13.12639844787019
13.1443628594538
13.170610880988264
13.190284242623713
13.220406710522896
13.229540799975831
13.233291576154535
13.248270209849489
13.255024379569097
13.283475278918273
13.296543402134692
13.326231028236792
13.349648834675117
13.352879964152638
13.388056722769639
13.405409082161983
13.415307902846276
13.42224498664371
13.4685830933252
13.488171599471
13.500511853340669
13.50401588649385
13.519929183459691
13.542869269797716
13.58415334977546
13.59061809597171
13.600620426268797
13.62699636232955
13.660321822106345
13.664087170669617
13.68190432529426
13.719679841650608
13.732432141116059
13.747297037792855
13.753916869449466
13.777923412465784
13.78112545327652
13.791874790384155
13.812737084520473
13.84135222709482
13.863603478695754
13.895662045423935
13.907660957525803
13.914423681309325
13.917860115777207
13.935983145364776
13.946177408588198
13.976866632528806
13.992823889557295
14.024449958419785
14.049998608377285
14.056247463880242
14.059907156464156
14.09720172285183
14.117447261860002
14.130494670560969
14.140609749486012
14.18803571957865
14.209928099277406
14.224811792833542
14.22868372577771
14.23587378703359
14.25473649366457
14.280157061035501
14.322885408028425
14.332414958300433
14.345183379587482
14.348437580716901
14.377456776280821
14.412963027016813
14.42027072525435
14.440809745079111
14.480189875315865
14.495677186603299
14.513049283216558
14.516490594787257
14.526728822562903
14.553369170652266
14.560128518853665
14.57393961511183
14.597238384265879
14.627781279197519
14.652155963557318
14.65577386287008
14.69016742254933
14.705388807373762
14.715518830312432
14.722370421591558
14.743054354882718
14.756084578634129
14.788462184974065
14.792246277437457
14.811333312134005
14.845189983348433
14.873155879275753
14.882668256248751
14.889600734118273
14.928364675558502
14.950808911264756
14.954748932259605
14.971062499204365
14.98447440215554
15.033214195967322
15.057578123328444
15.075163349735362
15.082165468285961
15.085426455520277
15.096282212437895
15.118112352622717
15.146056309656458
15.190324989146292
15.202935630952767
15.218502512591142
15.224908697485544
15.228302777833216
15.259889560207773
15.2975242425189
15.308253964828051
15.331435578057919
15.372396856349795
15.390539046838434
15.41034935996717
15.413866799158217
15.421149041736975
15.434773395321873
15.463863259701004
15.473948129266457
15.490612576862326
15.516169198139696
15.548485096222159
15.552116296642772
15.579280778217857
15.586611213428533
15.62306187002061
15.641180751339611
15.654343079718654
15.664269593126619
15.68721398611224
15.690949487970851
15.707333334284336
15.741981968029119
15.749349971075027
15.771137411942746
15.806836088117631
15.836817050022816
15.849144137590837
15.852974619974603
15.863563260025057
15.904276454685967
15.929369015736924
15.936764083473793
15.955793956537466
15.971945614696594
16.021535568525366
16.025451850349416
16.052599052218937
16.073191058320422
16.08361209402991
16.090360449698274
16.104203645589543
16.12835073160273
16.158182590349494
16.162175631201233
16.208232047283435
16.224097819258308
16.24265491222649
16.252390638105503
16.25914456231119
16.292559656072953
16.331596765569422
16.33565766645025
16.349852770154524
16.375761599060613
16.418443929813208
16.43932933810255
16.461679065412447
16.468428558187735
16.47171533379463
16.482751009691842
16.49969768963526
16.53122098631598
16.54457230059433
16.56405535706
16.591865502106007
16.62597486532969
16.629310700572777
16.63688054743295
16.66669298738413
16.677547432876665
16.715948809668717
16.736816091036733
16.75285410791822
16.765695931684274
16.769072484315608
16.794993454180407
16.802551946001422
16.82201069811521
16.858703693201395
16.869361144086053
16.89359647502305
16.930925252836428
16.934334323532052
16.966944535379202
16.982669542698982
16.990207106905945
17.004047605259164
17.04638746510376
17.07376710647568
17.084211861029644
17.08764539357583
17.10985746637545
17.129221233604493
17.180235727463344
17.18774292216235
17.217200520849506
17.240310052287438
17.253634868372497
17.257084949766657
17.267635852663588
17.284812889674733
17.311662997049524
17.34379634797702
17.351263862770466
17.398570953884363
17.41707463041322
17.420533490881933
17.442309824569993
17.455591947437814
17.46592577742551
17.501470463377377
17.54223713154697
17.549655788251616
17.566579641766676
17.570039654703283
17.598808109128203
17.64339754480504
17.667164381647563
17.69220511697589
17.702306738537917
17.708998198016648
17.72292883962067
17.726382521444886
17.746645729748963
17.780642959471503
17.797261356917875
17.819587770362727
17.8497060840185
17.885688122197386
17.892313074163248
17.895753084105216
17.907117902790475
17.939499515746515
17.953755673039716
17.9940643563322
18.017596887165805
18.036421147414465
18.052086843767768
18.055505983579003
18.062897563660876
18.09159278041365
18.102728384586563
18.12505227234551
18.163630016235523
18.17735360249619
18.203854064114257
18.20724527770785
18.24690263449373
18.254222833276398
18.28916897447476
18.307957317274308
18.318849016371754
18.335608206076188
18.379319763659186
18.40869535568336
18.412893731343157
18.42690988458089
18.43415036610706
18.45911373076724
18.481252749021422
18.53333976952097
18.54397293070082
18.5753353091999
18.579491999295573
18.60555249668403
18.62220264850824
18.629355210496684
18.643135227955167
18.66309000836651
18.692112396040645
18.726030305575318
18.73013855897925
18.74135268085214
18.79029969285814
18.811767021426174
18.81882359529725
18.84316184252537
18.85930891038322
18.872531662705036
18.87658486960078
18.91448656152006
18.957234601391267
18.96818575698378
18.988048829815735
18.995001480640656
19.02587561707172
19.0716563857045
19.07564807695648
19.102375769885967
19.1301993168684
19.143714612301743
19.153872407751095
19.17078781982203
19.177628746198298
19.200315574984494
19.20423942144868
19.24070162867731
19.260539794627775
19.285684675760148
19.3181142036492
19.355994844635173
19.365865054162633
19.372586588017885
19.37643639979569
19.391414124299757
19.42624386469655
19.44373872900316
19.485866035776514
19.511936767664572
19.533413631549926
19.551767060555957
19.555536786193674
19.56298307364825
19.574089465513214
19.605318838971662
19.619749337917504
19.644689685135585
19.684950387414112
19.701477036725223
19.705160762361235
19.73455189708441
19.74187576982602
19.78353723828816
19.79436139202144
19.831311392400472
19.85279089260078
19.866646188221
19.87023813668297
19.890393271997077
19.93603993039709
19.967952426901714
19.97582979423665
19.99291548747927
20.00344393114429
20.03068694488116
20.034181474735384
20.059466257262144
20.11308867775121
20.127215195532855
20.16091795001034
20.168656986741315
20.197084522679614
20.216450299384476
20.226669613017954
20.230908948254342
20.248159385385343
20.271161381585745
20.302661351452194
20.338694015315316
20.346287645141132
20.36051017061853
20.41045543460828
20.414585213224413
20.43915884656129
20.449928079966128
20.476998928798714
20.496170380206053
20.512444141216328
20.51988541961768
20.559359511001666
20.563374387528988
20.608185512434744
20.622675709007794
20.645516543905018
20.65597498816154
20.689039536036006
20.73614424816118
20.743426361807696
20.747321123920944
20.776934284454374
20.80747492449379
20.824307345737203
20.83783295187772
20.857659281669356
20.867794004780443
20.892859646318946
20.896629213702738
20.904600619078398
20.9433702032645
20.96623188344401
20.9940180646521
21.02860595612757
21.068251863582372
21.081165471456647
21.084804894634587
21.095456520310353
21.10326707531137
21.121534409225177
21.158544603453706
21.178968281430627
21.222672554611062
21.25100100396177
21.254505463090023
21.279197572565074
21.300809824483583
21.30845315800134
21.319473005736352
21.333851900854146
21.36722773195851
21.38452287920659
21.411678761512032
21.415893509604246
21.458341430383907
21.47812794975725
21.48559781884361
21.517372018661312
21.528062763744032
21.571252808695828
21.585024116730143
21.589092716477538
21.62841971322096
21.65293604373277
21.67009386502245
21.677384154034215
21.700290267209976
21.74729226040921
21.781123857240722
21.785041774616836
21.796774481240455
21.817141777125045
21.831164539947324
21.860949158572122
21.86805387827024
21.895738632176556
21.95022155718516
21.953984384441068
21.97167894892896
22.00785799909411
22.019256751096872
22.050192969348842
22.07240205256504
22.085801662795056
22.093398078201623
22.097001532523628
22.117689424343965
22.143728749492123
22.177726773502
22.215914637401966
22.226967341808376
22.244197548225774
22.295242522271305
22.302639053331273
22.306931739128963
22.334490549436197
22.348821204158956
22.378522573311095
22.400601835252353
22.41980873787837
22.43050334098653
22.47150577452948
22.475628524447234
22.48368336567539
22.530381077743044
22.548158497201
22.573751751569187
22.587462587780617
22.622528185598814
22.670808999155987
22.674757808057553
22.685943780112062
22.693798623442696
22.725970954230004
22.758907537628993
22.77870258324293
22.795235532934807
22.817631642768095
22.82140262669271
22.83532622482454
22.863321480637957
22.87097090449443
22.882495650283506
22.923160363620642
22.948592372636124
22.978580554399787
22.982169949112365
23.019352081838
23.061227054218584
23.07759221966495
23.085030924190605
23.09901335661993
23.110177013009896
23.131152941115083
23.169810994514222
23.174068809416788
23.197711500653625
23.243357083586226
23.2742800968233
23.281502902735365
23.308734664508357
23.332919338958483
23.343710392795316
23.347776663836562
23.362514912305418
23.380331039796626
23.416079177281247
23.43643370610444
23.46603707826039
23.473725606259528
23.517612954757258
23.521484186172646
23.544580314143232
23.555862875040674
23.59011993802431
23.604231227144748
23.64909846298681
23.665897598226024
23.67335693206998
23.677029743736934
23.71871919871489
23.746226246861404
23.766628575205818
23.777540732428644
23.803170010845975
23.85157055076128
23.887337460837742
23.894562677861884
23.898889608662994
23.91428289030699
23.937765380518446
23.955105034302456
23.987301025059327
23.997831772953145
24.0277922852374
24.08308784682539
24.087206849251547
24.095059735719335
24.116034614642228
24.154454719169376
24.169216609207982
24.202420248327975
24.227212335935363
24.24351270530488
24.247420660385167
24.25894674678542
24.266566863821907
24.290302663470136
24.319005897189186
24.355151555135905
24.395157292072746
24.40926241269268
24.412956312813176
24.433666079963288
24.486387729638253
24.497529336550283
24.50560637511019
24.535668405316557
24.553043932327963
24.584899936857397
24.609391275947036
24.613725108803344
24.636232962759117
24.65054062939908
24.693525340187097
24.701357046588406
24.71280500680208
24.76084251598178
24.781282606474143
24.785393312817725
24.814000843586392
24.831207101314057
24.868585516498708
24.918401611782336
24.925983600858736
24.940320248453183
24.951369715243054
24.95525454086701
24.990145094922827
25.025649247740727
25.048554610154916
25.06824474482907
25.09338671944259
25.100714718562177
25.11756563390529
25.121221931512302
25.152177410768452
25.16369245037457
25.178775260495826
25.221425349317357
25.249486754620495
25.281756967239886
25.288826814926605
25.327686268403877
25.331968434906276
25.376031674728885
25.395747364216707
25.406867779164656
25.42408767693569
25.43851073799903
25.462134498536738
25.50243334225693
25.506478336631517
25.514839434611602
25.541503490084352
25.58895571722768
25.622305007901414
25.63302066745793
25.662624443291502
25.689211118388695
25.693016538647424
25.707618588102225
25.715719984511527
25.73384575244069
25.754779581063286
25.79263095807156
25.81573858995674
25.84751083162979
25.85107437812045
25.862763607529253
25.908730179335727
25.916568008222168
25.94255414255055
25.957200107592804
25.993552615398062
26.01064543113428
26.056833198019966
26.061008679763425
26.08127680073785
26.092559260743023
26.100129763456685
26.143699384535566
26.173677075110856
26.196784667277193
26.210753992702404
26.21467937379272
26.243371670964635
26.293584405432302
26.331681022121945
26.342546932418838
26.350541424275693
26.36892893470773
26.394879191031354
26.398552408742493
26.41940527977607
26.454260004558144
26.468419177473734
26.500921130112665
26.557373937580888
26.56508960630877
26.576231072168003
26.599715033684173
26.60399237958224
26.64479649642534
26.6630123428988
26.69863296261528
26.726145777692533
26.745472667163757
26.752905987247768
26.767453754118353
26.77147098255089
26.783051756072307
26.80983007203317
26.84121317631963
26.879550370772012
26.92143646806105
26.938596828035873
26.945744377173963
26.94949965680173
26.973552392597522
27.027904677105287
27.042642267332223
27.05435292892985
27.086831788037262
27.107138948148272
27.14108104428548
27.16790317406259
27.17225480131125
27.18067621555895
27.206249922389627
27.22391849279583
27.26871334456757
27.27999395866647
27.294589136904964
27.343821495965788
27.347903488580936
27.371663537236437
27.37979827526077
